0	40	37.24875193	127.07613	22	3	2	1	1	1	1
0	40	37.24877607	127.0761317	22	5	2	1	2	1	1
0	40	37.24876491	127.076122	22	5	2	1	2	1	1
0	40	37.24876491	127.076122	22	5	2	1	1	1	1
0	37	37.25225413	127.0800328	23	5	2	1	1	1	1
0	37	37.25225413	127.0800328	23	17	2	1	2	1	1
0	37	37.25225413	127.0800328	23	17	2	1	2	1	1
0	37	37.25225413	127.0800328	23	17	2	1	1	1	1
0	92	37.2417389	127.0800257	2	1	1	1	1	1	1
0	92	37.2417389	127.0800257	2	1	1	1	1	1	1
0	62	37.2522737	127.0804029	16	1	1	1	1	1	2
0.97878927	61	37.24988087	127.0806261	16	3	1	1	1	1	2
4.2886963	60	37.24315092	127.0806289	16	3	1	1	1	1	2
5.350223	60	37.24289863	127.0806045	16	3	1	1	1	1	2
0	60	37.24285339	127.0806005	16	3	1	1	1	1	2
3.6563075	60	37.24268027	127.0805984	16	3	1	1	1	1	2
0	92	37.2417389	127.0800257	2	5	1	1	1	1	1
0	92	37.2417389	127.0800257	2	5	1	1	2	1	1
0	92	37.2417389	127.0800257	2	5	1	1	2	1	1
1.05278	91	37.24215265	127.0806354	2	5	1	1	2	1	1
1.0392058	91	37.24221445	127.0805886	2	5	1	1	2	1	1
0.83337635	91	37.24367241	127.079881	3	5	1	1	2	1	1
0.7388779	91	37.24366936	127.0798749	3	5	1	1	2	1	1
0.78777426	89	37.25221	127.0802992	3	5	1	1	1	1	1
0.53849655	62	37.25106432	127.0808599	16	5	1	1	1	1	2
0	61	37.25103228	127.0808652	16	5	1	1	2	1	2
0	61	37.25014938	127.0806568	16	5	1	1	2	1	2
0.8623545	61	37.25000337	127.0806839	16	5	1	1	2	1	2
5.435237	60	37.24380565	127.0791882	16	5	1	1	1	1	2
7.0967383	60	37.24356709	127.0794974	16	5	1	1	2	1	2
5.4533086	60	37.24343553	127.0798786	16	5	1	1	2	1	2
6.2440586	60	37.24344436	127.0802757	16	5	1	1	2	1	2
5.0626445	60	37.24349425	127.0805335	16	5	1	1	2	1	2
4.075333	60	37.24338378	127.0806881	16	5	1	1	2	1	2
0	60	37.24285339	127.0806005	16	5	1	1	2	1	2
0	60	37.24285339	127.0806005	16	5	1	1	2	1	2
0	60	37.24285339	127.0806005	16	5	1	1	1	1	2
0	60	37.24285339	127.0806005	16	5	1	1	1	1	2
0	47	37.2395679	127.0835041	19	5	1	1	2	1	1
0	47	37.2395679	127.0835041	19	5	1	1	2	1	1
0	47	37.2395679	127.0835041	19	5	1	1	2	1	1
0.9574672	61	37.24991187	127.0806574	16	11	1	1	1	1	2
0.97243184	91	37.24255376	127.080577	2	13	1	1	2	1	1
0.94791025	91	37.24262799	127.0805884	2	13	1	1	2	1	1
1.1099459	91	37.24370875	127.0801411	3	13	1	1	2	1	1
1.0763443	91	37.24369987	127.0800695	3	13	1	1	2	1	1
1.1810178	91	37.24367772	127.0799822	3	13	1	1	1	1	1
0	91	37.24231029	127.0806192	2	14	1	1	1	1	1
0	91	37.2423198	127.0806199	2	14	1	1	1	1	1
0	91	37.24235755	127.0806159	2	14	1	1	1	1	1
0	91	37.24240728	127.0806122	2	14	1	1	1	1	1
0.84768987	91	37.24245609	127.0805898	2	14	1	1	1	1	1
0.89333004	91	37.24249928	127.0805897	2	14	1	1	1	1	1
0.97677183	91	37.24254418	127.0805817	2	14	1	1	1	1	1
1.3591012	60	37.24552572	127.0784189	16	17	1	1	2	1	2
1.28534	60	37.24545028	127.0784362	16	17	1	1	2	1	2
1.2478638	60	37.24539718	127.0784571	16	17	1	1	1	1	2
0	40	37.24874453	127.0761319	22	-1	2	2	1	1	1
0	44	37.2395373	127.0835879	21	1	2	2	1	1	1
0	79	37.2522737	127.0804029	9	3	2	2	2	1	1
0	79	37.2522737	127.0804029	9	3	2	2	1	1	1
0	79	37.2522737	127.0804029	9	3	2	2	1	1	1
0	79	37.2522737	127.0804029	10	3	2	2	1	1	1
0	79	37.2522737	127.0804029	10	3	2	2	1	1	1
0	79	37.2522737	127.0804029	10	3	2	2	1	1	1
0	79	37.2522737	127.0804029	10	3	2	2	1	1	1
0	79	37.2522737	127.0804029	10	3	2	2	2	1	1
0	43	37.2395373	127.0835879	21	3	2	2	1	1	1
0	43	37.2395373	127.0835879	21	3	2	2	1	1	1
0	42	37.2395373	127.0835879	22	3	2	2	1	1	1
0	42	37.2395373	127.0835879	22	3	2	2	1	1	1
0	42	37.2395373	127.0835879	22	3	2	2	1	1	1
0	40	37.24873213	127.0761158	22	3	2	2	1	1	1
0	40	37.248733	127.0760801	22	3	2	2	1	1	1
1.281512	40	37.24877356	127.0760829	22	3	2	2	1	1	1
1.4781786	40	37.24881946	127.0761311	22	3	2	2	1	1	1
1.6598805	40	37.24884997	127.0762038	22	3	2	2	1	1	1
1.5752147	40	37.24881238	127.07628	22	3	2	2	1	1	1
0.84979635	40	37.24879084	127.0763312	22	3	2	2	1	1	1
0	37	37.25225413	127.0800328	23	3	2	2	1	1	1
0	37	37.25225413	127.0800328	23	3	2	2	1	1	1
0	37	37.25225413	127.0800328	23	3	2	2	1	1	1
0	85	37.2522737	127.0804029	3	5	2	2	1	1	1
0	85	37.2522737	127.0804029	3	5	2	2	2	1	1
0	81	37.2522737	127.0804029	9	5	2	2	2	1	2
0	81	37.2522737	127.0804029	9	5	2	2	2	1	2
0	79	37.2522737	127.0804029	9	5	2	2	2	1	1
0	79	37.2522737	127.0804029	9	5	2	2	2	1	1
0	79	37.2522737	127.0804029	9	5	2	2	2	1	1
0	79	37.2522737	127.0804029	10	5	2	2	2	1	1
0	79	37.2522737	127.0804029	10	5	2	2	2	1	1
0	79	37.2522737	127.0804029	10	5	2	2	2	1	1
0	79	37.2522737	127.0804029	10	5	2	2	2	1	1
0	79	37.2522737	127.0804029	10	5	2	2	2	1	1
0	79	37.2522737	127.0804029	10	5	2	2	2	1	1
0	79	37.2522737	127.0804029	10	5	2	2	2	1	1
0	79	37.2522737	127.0804029	10	5	2	2	2	1	1
0	79	37.2522737	127.0804029	10	5	2	2	2	1	1
0	78	37.2522737	127.0804029	10	5	2	2	2	1	1
0	78	37.2522737	127.0804029	10	5	2	2	2	1	1
0	78	37.2522737	127.0804029	10	5	2	2	2	1	1
0	44	37.2395373	127.0835879	21	5	2	2	2	1	1
0	44	37.2395373	127.0835879	21	5	2	2	2	1	1
0	44	37.2395373	127.0835879	21	5	2	2	2	1	1
0	43	37.2395373	127.0835879	21	5	2	2	2	1	1
0	43	37.2395373	127.0835879	21	5	2	2	2	1	1
0	43	37.2395373	127.0835879	21	5	2	2	2	1	1
0	43	37.2395373	127.0835879	21	5	2	2	2	1	1
0	43	37.2395373	127.0835879	21	5	2	2	2	1	1
0	42	37.2395373	127.0835879	22	5	2	2	2	1	1
0	42	37.2395373	127.0835879	22	5	2	2	2	1	1
0	42	37.2395051	127.0833784	22	5	2	2	2	1	1
0.34194627	42	37.23947222	127.0834785	22	5	2	2	2	1	1
0	42	37.23951778	127.083471	22	5	2	2	2	1	1
0	40	37.24878663	127.0763329	22	5	2	2	2	1	1
0	40	37.24878424	127.0763535	22	5	2	2	2	1	1
0	40	37.24879047	127.0763563	22	5	2	2	2	1	1
0	38	37.2485902	127.0760897	22	5	2	2	2	1	1
0	38	37.2485902	127.0760897	22	5	2	2	2	1	1
0	37	37.25225413	127.0800328	23	5	2	2	1	1	1
0.78777426	88	37.25221	127.0802992	3	8	2	2	1	1	1
0.78777426	88	37.25221	127.0802992	3	8	2	2	1	1	1
0.78777426	88	37.25221	127.0802992	3	8	2	2	1	1	1
0	86	37.2522737	127.0804029	3	8	2	2	1	1	1
0	86	37.2522737	127.0804029	3	8	2	2	1	1	1
0	85	37.2522737	127.0804029	3	8	2	2	1	1	1
0	42	37.2395373	127.0835879	22	13	2	2	1	1	1
0	42	37.2395373	127.0835879	22	13	2	2	2	1	1
0	42	37.2395373	127.0835879	22	13	2	2	2	1	1
0	42	37.2395373	127.0835879	22	13	2	2	2	1	1
0	42	37.2395373	127.0835879	22	13	2	2	2	1	1
0	42	37.2395373	127.0835879	22	13	2	2	2	1	1
0	42	37.2395373	127.0835879	22	13	2	2	2	1	1
0	38	37.24868458	127.0760367	22	17	2	2	2	1	1
0.6498763	38	37.24850088	127.0765234	22	17	2	2	2	1	1
0	38	37.24850859	127.0765277	22	17	2	2	2	1	1
0	38	37.24857022	127.0766186	22	17	2	2	2	1	1
0	81	37.2522737	127.0804029	9	19	2	2	2	1	2
0	81	37.2522737	127.0804029	9	19	2	2	2	1	2
0	81	37.2522737	127.0804029	9	19	2	2	2	1	2
0	79	37.2522737	127.0804029	9	19	2	2	2	1	2
0	79	37.2522737	127.0804029	9	19	2	2	2	1	2
0	79	37.2522737	127.0804029	9	19	2	2	2	1	2
0	85	37.2522737	127.0804029	3	21	2	2	1	1	1
1.007696	61	37.24985761	127.0806143	16	3	1	2	1	1	2
0.53110725	61	37.24985635	127.0805807	16	3	1	2	1	1	2
0.7220719	61	37.24983223	127.0805663	16	3	1	2	1	1	2
0.3788264	60	37.2450296	127.0785828	16	3	1	2	1	1	2
0.36548176	60	37.24502006	127.0785756	16	3	1	2	1	1	2
0	60	37.24500272	127.0785422	16	3	1	2	1	1	2
2.9251866	60	37.24487147	127.0785591	16	3	1	2	1	1	2
3.8699403	60	37.24467642	127.0787836	16	3	1	2	1	1	2
4.3116164	60	37.24455236	127.0790204	16	3	1	2	1	1	2
4.6684737	60	37.244342	127.0791226	16	3	1	2	1	1	2
4.920932	60	37.24409875	127.079157	16	3	1	2	1	1	2
6.3568597	60	37.24251908	127.0808229	16	3	1	2	1	1	2
1.1159866	58	37.23990531	127.0829712	16	3	1	2	1	1	2
0.76956356	58	37.2398395	127.0829856	16	3	1	2	1	1	2
0	58	37.23983095	127.0829857	16	3	1	2	1	1	2
0	58	37.23889957	127.0834721	16	3	1	2	1	1	2
0	58	37.23889957	127.0834721	16	3	1	2	1	1	2
0	58	37.23889957	127.0834721	16	3	1	2	2	1	2
0	58	37.23889957	127.0834721	16	3	1	2	1	1	2
0	58	37.23889957	127.0834721	16	3	1	2	1	1	2
0	58	37.23889957	127.0834721	16	3	1	2	1	1	2
0	58	37.23889957	127.0834721	16	3	1	2	1	1	1
0	58	37.23889957	127.0834721	16	3	1	2	1	1	1
0	57	37.23889957	127.0834721	16	3	1	2	1	1	1
0	57	37.23889957	127.0834721	16	3	1	2	1	1	1
0	51	37.2395051	127.0833784	18	3	1	2	1	1	2
0	51	37.2395051	127.0833784	18	3	1	2	1	1	2
0	51	37.2395051	127.0833784	18	4	1	2	1	1	2
0	51	37.2395051	127.0833784	18	4	1	2	1	1	2
0.78777426	89	37.25221	127.0802992	3	5	1	2	1	1	1
0	61	37.2497758	127.0805456	16	5	1	2	1	1	2
0	61	37.24972532	127.0805285	16	5	1	2	2	1	2
0	61	37.24909632	127.0793482	16	5	1	2	2	1	2
0	61	37.24909632	127.0793482	16	5	1	2	2	1	2
0	61	37.24909632	127.0793482	16	5	1	2	2	1	2
1.2453291	60	37.24531852	127.0784711	16	5	1	2	1	1	2
1.306648	60	37.24528043	127.0784787	16	5	1	2	2	1	2
0.32865354	60	37.24502992	127.0785765	16	5	1	2	2	1	2
0	60	37.24503131	127.0785772	16	5	1	2	2	1	2
0	58	37.23977199	127.0830032	16	5	1	2	1	1	2
0	58	37.23977199	127.0830032	16	5	1	2	2	1	2
1.3453777	58	37.23959015	127.0830731	16	5	1	2	2	1	2
1.8755289	58	37.23898848	127.083506	16	5	1	2	2	1	2
1.8755289	58	37.23898848	127.083506	16	5	1	2	1	1	2
0	58	37.23889957	127.0834721	16	5	1	2	2	1	2
0	58	37.23889957	127.0834721	16	5	1	2	2	1	2
0	58	37.23889957	127.0834721	16	5	1	2	2	1	2
0	58	37.23889957	127.0834721	16	5	1	2	2	1	2
0	58	37.23889957	127.0834721	16	5	1	2	2	1	2
0	57	37.23889957	127.0834721	16	5	1	2	2	1	1
0	57	37.23889957	127.0834721	16	5	1	2	2	1	1
0	57	37.23889957	127.0834721	16	5	1	2	2	1	1
0	52	37.2395051	127.0833784	17	5	1	2	2	1	1
0	52	37.2395051	127.0833784	17	5	1	2	2	1	1
0	52	37.2395051	127.0833784	17	5	1	2	2	1	1
0	51	37.2395051	127.0833784	18	5	1	2	1	1	2
0	51	37.2395051	127.0833784	18	5	1	2	1	1	2
0	51	37.2395051	127.0833784	18	5	1	2	1	1	2
0	51	37.2395051	127.0833784	18	5	1	2	1	1	2
0	51	37.2395051	127.0833784	18	5	1	2	2	1	2
0	94	37.24219388	127.0787912	0	8	1	2	2	1	1
0	94	37.24219388	127.0787912	0	8	1	2	2	1	1
0.78777426	89	37.25221	127.0802992	3	8	1	2	1	1	1
0.78777426	89	37.25221	127.0802992	3	8	1	2	1	1	1
0.78777426	89	37.25221	127.0802992	3	8	1	2	1	1	1
0.78777426	88	37.25221	127.0802992	3	8	1	2	1	1	1
0.78777426	88	37.25221	127.0802992	3	8	1	2	1	1	1
0	51	37.2395051	127.0833784	18	8	1	2	1	1	2
0	36	37.25225413	127.0800328	23	8	1	2	1	1	1
0	36	37.25225413	127.0800328	23	8	1	2	1	1	1
0	36	37.25225413	127.0800328	23	8	1	2	1	1	1
36.66963	31	37.2520287	127.0793957	23	8	1	2	1	1	1
36.66963	31	37.2520287	127.0793957	23	8	1	2	1	1	1
36.66963	31	37.2520287	127.0793957	23	8	1	2	1	1	1
0	61	37.24908554	127.0793693	16	17	1	2	1	1	2
0	61	37.24911017	127.0793943	16	17	1	2	2	1	2
0	57	37.23889957	127.0834721	16	21	1	2	1	1	1
0	66	37.24778478	127.0770373	22	5	3	1	2	2	1
0	66	37.24782345	127.0771528	22	5	3	1	2	2	1
0	66	37.24782345	127.0771528	22	5	3	1	2	2	1
0	66	37.24782211	127.0774903	22	5	3	1	1	2	1
0	65	37.24858038	127.07846	22	5	3	1	1	2	1
0	66	37.24782345	127.0771528	22	13	3	1	1	2	1
0	66	37.24782345	127.0771528	22	13	3	1	2	2	1
0	66	37.24785581	127.0773564	22	13	3	1	2	2	1
0	66	37.24785581	127.0773564	22	13	3	1	2	2	1
1.1867626	66	37.24852297	127.0782999	22	13	3	1	2	2	1
0.58912295	66	37.24851724	127.0783541	22	13	3	1	2	2	1
0.50759035	66	37.24853136	127.0783823	22	13	3	1	2	2	1
0.46153262	66	37.24853409	127.0784152	22	13	3	1	2	2	1
0.64464664	66	37.24855293	127.0784209	22	13	3	1	2	2	1
0.5089138	66	37.24852757	127.0784355	22	13	3	1	2	2	1
0	66	37.24852903	127.0784438	22	13	3	1	2	2	1
0	66	37.24852903	127.0784438	22	13	3	1	2	2	1
0	66	37.24853222	127.078493	22	13	3	1	2	2	1
0	66	37.24856526	127.0785052	22	13	3	1	2	2	1
0	66	37.2485768	127.0784895	22	13	3	1	2	2	1
0	65	37.24857746	127.0784617	22	14	3	1	1	2	1
0	77	37.239526	127.0834203	20	1	1	1	1	2	1
0	74	37.239526	127.0834203	21	3	1	1	1	2	1
0	100	37.24960582	127.0802758	16	5	1	1	2	2	1
0	100	37.24960582	127.0802758	16	5	1	1	2	2	1
0	100	37.24960582	127.0802758	16	5	1	1	2	2	1
1.0141877	100	37.24938747	127.0800763	16	5	1	1	2	2	1
1.2170081	100	37.24934374	127.0800087	16	5	1	1	2	2	1
0.57110924	100	37.24933172	127.0799589	16	5	1	1	2	2	1
0	99	37.24829609	127.0789931	16	5	1	1	2	2	1
0	99	37.24829609	127.0789931	16	5	1	1	2	2	1
0	77	37.239526	127.0834203	20	5	1	1	2	2	1
0	77	37.239526	127.0834203	20	5	1	1	2	2	1
0	77	37.239526	127.0834203	20	5	1	1	2	2	1
0	74	37.239526	127.0834203	21	5	1	1	2	2	1
0	74	37.239526	127.0834203	21	5	1	1	2	2	1
0	74	37.239526	127.0834203	21	5	1	1	1	2	1
0	61	37.25078135	127.0803729	23	5	1	1	2	2	1
0	61	37.25078164	127.0803711	23	5	1	1	2	2	1
0	61	37.25079062	127.080362	23	5	1	1	2	2	1
0	61	37.25091376	127.0803577	23	5	1	1	1	2	1
1.0223033	61	37.25120565	127.0805871	23	5	1	1	1	2	1
1.5184536	61	37.25134574	127.0804667	23	5	1	1	2	2	1
0.6133861	61	37.25143243	127.0804885	23	5	1	1	2	2	1
0	84	37.239526	127.0834203	18	8	1	1	1	2	1
0	84	37.239526	127.0834203	18	8	1	1	1	2	1
0	84	37.239526	127.0834203	18	8	1	1	1	2	1
0	81	37.239526	127.0834203	19	8	1	1	1	2	1
0	81	37.239526	127.0834203	19	8	1	1	1	2	1
0	61	37.25084688	127.0803419	23	8	1	1	1	2	1
0	61	37.25092662	127.080365	23	8	1	1	1	2	1
0.67744255	61	37.25094383	127.0803825	23	8	1	1	1	2	1
0.49273235	61	37.25096894	127.0803929	23	8	1	1	1	2	1
0.63890713	61	37.25098597	127.0804379	23	8	1	1	1	2	1
0.5303436	61	37.25101603	127.0805035	23	8	1	1	1	2	1
0.8661397	61	37.25106006	127.0805863	23	8	1	1	1	2	1
0.5660419	61	37.25114058	127.0806116	23	8	1	1	1	2	1
0.5660419	61	37.25114058	127.0806116	23	8	1	1	1	2	1
0	100	37.24960582	127.0802758	16	13	1	1	2	2	1
0	100	37.24958489	127.0802929	16	13	1	1	1	2	1
0	100	37.24956747	127.080282	16	13	1	1	1	2	1
0	100	37.24953275	127.0802584	16	13	1	1	1	2	1
0.7025541	100	37.24949526	127.080224	16	13	1	1	1	2	1
0	100	37.24947601	127.0802022	16	13	1	1	1	2	1
0	100	37.2494372	127.0801692	16	13	1	1	2	2	1
0.8625896	100	37.24940878	127.0801181	16	13	1	1	1	2	1
0	99	37.24829609	127.0789931	16	17	1	1	1	2	1
0	99	37.24829609	127.0789931	16	17	1	1	2	2	1
0	99	37.24829609	127.0789931	16	17	1	1	2	2	1
0	97	37.2396104	127.0833965	16	17	1	1	2	2	1
0	97	37.2396104	127.0833965	16	17	1	1	1	2	1
0	97	37.2396104	127.0833965	16	17	1	1	1	2	1
0.9027497	61	37.25115705	127.08059	23	21	1	1	1	2	1
0	89	37.2395679	127.0835041	18	24	1	1	1	2	1
0	89	37.2395679	127.0835041	18	24	1	1	1	2	1
0	89	37.239526	127.0834203	18	24	1	1	1	2	1
0	84	37.239526	127.0834203	18	24	1	1	1	2	1
0	84	37.239526	127.0834203	18	24	1	1	1	2	1
0	84	37.239526	127.0834203	18	24	1	1	1	2	1
0	69	37.239526	127.0834203	22	3	3	2	1	2	1
0	69	37.239526	127.0834203	22	3	3	2	1	2	1
0	69	37.239526	127.0834203	22	3	3	2	1	2	1
0	69	37.239526	127.0834203	22	3	3	2	1	2	1
0	69	37.239526	127.0834203	22	3	3	2	2	2	1
0	69	37.239526	127.0834203	22	3	3	2	2	2	1
0	68	37.23954386	127.0830592	22	3	3	2	2	2	1
0	68	37.23954386	127.0830592	22	3	3	2	2	2	1
0	68	37.23954386	127.0830592	22	3	3	2	1	2	1
0	68	37.23917955	127.0834204	22	3	3	2	1	2	1
0	68	37.23917955	127.0834204	22	3	3	2	1	2	1
0	68	37.23917955	127.0834204	22	3	3	2	2	2	1
0	67	37.23917955	127.0834204	22	3	3	2	1	2	1
0	67	37.23917955	127.0834204	22	3	3	2	1	2	1
0	69	37.239526	127.0834203	22	5	3	2	2	2	1
0	69	37.239526	127.0834203	22	5	3	2	2	2	1
0	69	37.239526	127.0834203	22	5	3	2	2	2	1
0	69	37.239526	127.0834203	22	5	3	2	2	2	1
0	68	37.2396289	127.0833365	22	5	3	2	2	2	1
0	68	37.2396289	127.0833365	22	5	3	2	2	2	1
5.093891	68	37.23892719	127.083201	22	5	3	2	2	2	1
0	68	37.23917955	127.0834204	22	5	3	2	2	2	1
0	68	37.23917955	127.0834204	22	5	3	2	2	2	1
0	68	37.23917955	127.0834204	22	5	3	2	2	2	1
0	68	37.23917955	127.0834204	22	5	3	2	2	2	1
0	67	37.23917955	127.0834204	22	5	3	2	2	2	1
0	67	37.23917955	127.0834204	22	5	3	2	2	2	1
0	67	37.23917955	127.0834204	22	5	3	2	2	2	1
0	67	37.23917955	127.0834204	22	5	3	2	2	2	1
0	67	37.23917955	127.0834204	22	5	3	2	2	2	1
0	67	37.23917955	127.0834204	22	5	3	2	2	2	1
0	67	37.23917955	127.0834204	22	5	3	2	1	2	1
0	67	37.23917955	127.0834204	22	5	3	2	2	2	1
0	67	37.23917955	127.0834204	22	5	3	2	2	2	1
0	67	37.23917955	127.0834204	22	5	3	2	2	2	1
0	66	37.24782211	127.0774903	22	5	3	2	2	2	1
0	66	37.24783476	127.077663	22	5	3	2	2	2	1
0	66	37.24782578	127.0777911	22	5	3	2	2	2	1
0	66	37.24782578	127.0777911	22	5	3	2	2	2	1
0	66	37.24782578	127.0777911	22	5	3	2	2	2	1
0	66	37.24782578	127.0777911	22	5	3	2	2	2	1
0	66	37.24782578	127.0777911	22	5	3	2	2	2	1
0	66	37.24782578	127.0777911	22	5	3	2	2	2	1
0	66	37.24782578	127.0777911	22	5	3	2	2	2	1
0	66	37.24782578	127.0777911	22	5	3	2	2	2	1
0	66	37.24782578	127.0777911	22	5	3	2	2	2	1
0	66	37.2478711	127.0779919	22	5	3	2	2	2	1
0	66	37.2478711	127.0779919	22	5	3	2	2	2	1
0	66	37.2478711	127.0779919	22	5	3	2	2	2	1
0	66	37.2478711	127.0779919	22	5	3	2	2	2	1
0	66	37.24789374	127.0779935	22	5	3	2	2	2	1
0	66	37.24790967	127.0779815	22	5	3	2	2	2	1
0	66	37.24790967	127.0779815	22	5	3	2	2	2	1
0	66	37.24790967	127.0779815	22	5	3	2	2	2	1
0	66	37.24796775	127.0779841	22	5	3	2	2	2	1
0	65	37.24860256	127.078459	22	5	3	2	1	2	1
0	67	37.23917955	127.0834204	22	13	3	2	1	2	1
0	67	37.23917955	127.0834204	22	13	3	2	2	2	1
0	67	37.23917955	127.0834204	22	13	3	2	2	2	1
0	67	37.23917955	127.0834204	22	13	3	2	2	2	1
0	67	37.23917955	127.0834204	22	13	3	2	2	2	1
0	67	37.23917955	127.0834204	22	13	3	2	2	2	1
0.7852077	66	37.248108	127.0780008	22	13	3	2	1	2	1
0	66	37.24818531	127.0780325	22	13	3	2	2	2	1
0	66	37.24828202	127.0780511	22	13	3	2	2	2	1
0.92753565	66	37.2483833	127.078069	22	13	3	2	2	2	1
0.63762015	66	37.24849554	127.078072	22	13	3	2	2	2	1
0.35234472	66	37.24853048	127.078114	22	13	3	2	2	2	1
0.353242	66	37.24854565	127.0781593	22	13	3	2	2	2	1
0.8983467	66	37.24855277	127.078215	22	13	3	2	2	2	1
0	67	37.23917955	127.0834204	22	14	3	2	1	2	1
0	68	37.23954386	127.0830592	22	22	3	2	1	2	1
0	68	37.23954386	127.0830592	22	22	3	2	1	2	1
0	68	37.23954386	127.0830592	22	22	3	2	1	2	1
0	68	37.23954386	127.0830592	22	22	3	2	1	2	1
0	68	37.23954386	127.0830592	22	22	3	2	1	2	1
0	68	37.23954386	127.0830592	22	22	3	2	1	2	1
0	68	37.23954386	127.0830592	22	22	3	2	1	2	1
0	68	37.23954386	127.0830592	22	22	3	2	1	2	1
0	96	37.2396104	127.0833965	16	3	2	2	1	2	2
0	96	37.2396104	127.0833965	16	3	2	2	1	2	2
0	96	37.2396104	127.0833965	16	3	2	2	2	2	2
0	95	37.2396104	127.0833965	17	3	2	2	2	2	2
0	95	37.2396104	127.0833965	17	3	2	2	1	2	2
0	95	37.2396104	127.0833965	17	3	2	2	1	2	2
0	92	37.2394289	127.0837108	17	3	2	2	1	2	2
0	92	37.2394289	127.0837108	17	3	2	2	1	2	2
0	92	37.2394289	127.0837108	17	3	2	2	1	2	2
0	92	37.2394289	127.0837108	17	3	2	2	1	2	2
0	92	37.2394289	127.0837108	17	3	2	2	1	2	2
0	92	37.2394289	127.0837108	17	3	2	2	1	2	2
0	92	37.2394289	127.0837108	17	3	2	2	1	2	2
0	92	37.2394289	127.0837108	17	3	2	2	1	2	2
0	92	37.2394289	127.0837108	17	3	2	2	1	2	2
0	92	37.2394289	127.0837108	17	3	2	2	1	2	2
0	92	37.2394289	127.0837108	17	3	2	2	1	2	2
0	92	37.2394289	127.0837108	17	3	2	2	1	2	2
0	92	37.2394289	127.0837108	17	3	2	2	1	2	2
0	92	37.2394289	127.0837108	17	3	2	2	1	2	2
0	92	37.2395679	127.0835041	17	3	2	2	1	2	2
0	92	37.2395679	127.0835041	17	3	2	2	1	2	2
0	92	37.2395679	127.0835041	17	3	2	2	2	2	2
0	91	37.2395679	127.0835041	17	3	2	2	1	2	2
0	91	37.2395679	127.0835041	17	3	2	2	1	2	2
0	91	37.2395679	127.0835041	17	3	2	2	1	2	2
0	91	37.2395679	127.0835041	18	3	2	2	1	2	1
0	91	37.2395679	127.0835041	18	3	2	2	1	2	1
0	91	37.2395679	127.0835041	18	3	2	2	2	2	1
0	91	37.2395679	127.0835041	18	3	2	2	2	2	1
0	91	37.2395679	127.0835041	18	3	2	2	2	2	1
0	91	37.2395679	127.0835041	18	3	2	2	1	2	1
0	91	37.2395679	127.0835041	18	3	2	2	1	2	1
0	91	37.2395679	127.0835041	18	3	2	2	1	2	1
0	91	37.2395679	127.0835041	18	3	2	2	1	2	1
0	91	37.2395679	127.0835041	18	3	2	2	1	2	1
0	91	37.2395679	127.0835041	18	3	2	2	1	2	1
0	90	37.2395679	127.0835041	18	3	2	2	1	2	1
0	90	37.2395679	127.0835041	18	3	2	2	1	2	1
0	90	37.2395679	127.0835041	18	3	2	2	1	2	1
0	90	37.2395679	127.0835041	18	3	2	2	1	2	1
0	90	37.2395679	127.0835041	18	3	2	2	1	2	1
0	90	37.2395679	127.0835041	18	3	2	2	1	2	1
0	97	37.2396104	127.0833965	16	5	2	2	1	2	2
0	97	37.2396104	127.0833965	16	5	2	2	2	2	2
0	97	37.2396104	127.0833965	16	5	2	2	2	2	2
0	97	37.2396104	127.0833965	16	5	2	2	2	2	2
0	97	37.2396104	127.0833965	16	5	2	2	2	2	2
0	97	37.2396104	127.0833965	16	5	2	2	2	2	2
0	97	37.2396104	127.0833965	16	5	2	2	2	2	2
0	92	37.2394289	127.0837108	17	5	2	2	1	2	2
0	92	37.2394289	127.0837108	17	5	2	2	1	2	2
0	92	37.2394289	127.0837108	17	5	2	2	1	2	2
0	92	37.2395679	127.0835041	17	5	2	2	1	2	2
0	92	37.2395679	127.0835041	17	5	2	2	1	2	2
0	92	37.2395679	127.0835041	17	5	2	2	2	2	2
0	92	37.2395679	127.0835041	17	5	2	2	2	2	2
0	92	37.2395679	127.0835041	17	5	2	2	2	2	2
0	92	37.2395679	127.0835041	17	5	2	2	2	2	2
0	92	37.2395679	127.0835041	17	5	2	2	2	2	2
0	92	37.2395679	127.0835041	17	5	2	2	2	2	2
0	92	37.2395679	127.0835041	17	5	2	2	2	2	2
0	92	37.2395679	127.0835041	17	5	2	2	2	2	2
0	92	37.2395679	127.0835041	17	5	2	2	2	2	2
0	92	37.2395679	127.0835041	17	5	2	2	2	2	2
0	92	37.2395679	127.0835041	17	5	2	2	2	2	2
0	92	37.2395679	127.0835041	17	5	2	2	2	2	2
0	91	37.2395679	127.0835041	17	5	2	2	2	2	2
0	91	37.2395679	127.0835041	17	5	2	2	2	2	2
0	91	37.2395679	127.0835041	17	5	2	2	2	2	2
0	91	37.2395679	127.0835041	17	5	2	2	2	2	2
0	91	37.2395679	127.0835041	18	5	2	2	2	2	1
0	91	37.2395679	127.0835041	18	5	2	2	2	2	1
0	91	37.2395679	127.0835041	18	5	2	2	2	2	1
0	91	37.2395679	127.0835041	18	5	2	2	1	2	1
0	91	37.2395679	127.0835041	18	5	2	2	1	2	1
0	91	37.2395679	127.0835041	18	5	2	2	1	2	1
0	90	37.2395679	127.0835041	18	5	2	2	1	2	1
0	90	37.2395679	127.0835041	18	5	2	2	1	2	1
0	90	37.2395679	127.0835041	18	5	2	2	1	2	1
0	90	37.2395679	127.0835041	18	5	2	2	2	2	1
0	90	37.2395679	127.0835041	18	5	2	2	2	2	1
0	90	37.2395679	127.0835041	18	5	2	2	2	2	1
0	90	37.2395679	127.0835041	18	5	2	2	1	2	1
0	90	37.2395679	127.0835041	18	5	2	2	1	2	1
0	90	37.2395679	127.0835041	18	5	2	2	2	2	1
0	90	37.2395679	127.0835041	18	5	2	2	2	2	1
0	90	37.2395679	127.0835041	18	5	2	2	2	2	1
0	90	37.2395679	127.0835041	18	5	2	2	1	2	1
0	92	37.2394289	127.0837108	17	17	2	2	1	2	2
0	92	37.2394289	127.0837108	17	17	2	2	1	2	2
0	92	37.2394289	127.0837108	17	17	2	2	1	2	2
0	92	37.2394289	127.0837108	17	17	2	2	1	2	2
0	92	37.2394289	127.0837108	17	17	2	2	1	2	2
0	97	37.2396104	127.0833965	16	18	2	2	1	2	2
0	97	37.2396104	127.0833965	16	18	2	2	2	2	2
0	97	37.2396104	127.0833965	16	18	2	2	2	2	2
0	96	37.2396104	127.0833965	16	18	2	2	2	2	2
0	96	37.2396104	127.0833965	16	18	2	2	2	2	2
0	96	37.2396104	127.0833965	16	18	2	2	2	2	2
0	96	37.2396104	127.0833965	16	18	2	2	1	2	2
0	96	37.2396104	127.0833965	16	18	2	2	1	2	2
0	95	37.2396104	127.0833965	17	18	2	2	2	2	2
0	95	37.2396104	127.0833965	17	18	2	2	2	2	2
0	95	37.2396104	127.0833965	17	18	2	2	1	2	2
0	95	37.2396104	127.0833965	17	18	2	2	1	2	2
0	92	37.2396104	127.0833965	17	18	2	2	1	2	2
0	92	37.2394289	127.0837108	17	18	2	2	1	2	2
0	92	37.2394289	127.0837108	17	18	2	2	1	2	2
0	92	37.2394289	127.0837108	17	21	2	2	1	2	2
0	91	37.2395679	127.0835041	18	21	2	2	1	2	1
0	73	37.2523042	127.0803191	1	1	1	2	1	2	1
0	100	37.2522737	127.0804029	1	1	1	2	1	2	1
0	100	37.2522737	127.0804029	1	1	1	2	1	2	1
0	100	37.2522737	127.0804029	1	1	1	2	1	2	1
0	100	37.2522737	127.0804029	1	1	1	2	1	2	1
0	100	37.2522737	127.0804029	1	1	1	2	1	2	1
0	100	37.2522737	127.0804029	1	1	1	2	1	2	1
0	100	37.2522737	127.0804029	1	1	1	2	1	2	1
0	100	37.2522737	127.0804029	1	1	1	2	1	2	1
0	63	37.2522737	127.0804029	14	1	1	2	1	2	1
0	63	37.2522737	127.0804029	14	1	1	2	1	2	1
0	85	37.2522737	127.0804029	14	1	1	2	1	2	1
0	85	37.2522737	127.0804029	14	1	1	2	1	2	1
0	85	37.2522737	127.0804029	14	1	1	2	1	2	1
0	65	37.24862956	127.0784758	22	1	1	2	1	2	1
0.21823291	65	37.24880986	127.0785962	22	1	1	2	1	2	1
0	63	37.2522737	127.0804029	14	2	1	2	1	2	1
0	63	37.2522737	127.0804029	14	2	1	2	1	2	1
0	63	37.2522737	127.0804029	14	2	1	2	1	2	1
0	63	37.2522737	127.0804029	14	2	1	2	2	2	1
0	82	37.2522737	127.0804029	14	2	1	2	2	2	1
0	82	37.2522737	127.0804029	14	2	1	2	2	2	1
0	82	37.2522737	127.0804029	14	2	1	2	1	2	1
0	82	37.2522737	127.0804029	14	2	1	2	2	2	1
0	82	37.2522737	127.0804029	14	2	1	2	2	2	1
0	82	37.2522737	127.0804029	14	2	1	2	2	2	1
0	84	37.2522737	127.0804029	14	2	1	2	2	2	1
0	84	37.2522737	127.0804029	14	2	1	2	2	2	1
0	84	37.2522737	127.0804029	14	2	1	2	2	2	1
0	89	37.2395679	127.0835041	18	3	1	2	1	2	1
0	71	37.239526	127.0834203	21	3	1	2	1	2	1
0	71	37.239526	127.0834203	21	3	1	2	1	2	1
0	71	37.239526	127.0834203	21	3	1	2	1	2	1
0	95	37.2523042	127.0803191	1	4	1	2	1	2	1
0	95	37.2523042	127.0803191	1	4	1	2	1	2	1
0	96	37.2523042	127.0803191	1	4	1	2	1	2	1
0	96	37.2523042	127.0803191	1	4	1	2	1	2	1
0	96	37.2523042	127.0803191	1	4	1	2	1	2	1
0	100	37.25180164	127.080378	3	4	1	2	1	2	1
0	100	37.2522737	127.0804029	4	4	1	2	1	2	1
0	100	37.2522737	127.0804029	4	4	1	2	1	2	1
0	100	37.2522737	127.0804029	4	4	1	2	1	2	1
0	100	37.2522737	127.0804029	4	4	1	2	1	2	1
0	100	37.2522737	127.0804029	4	4	1	2	1	2	1
0	100	37.2522737	127.0804029	4	4	1	2	1	2	1
0	100	37.25230888	127.080424	15	4	1	2	1	2	1
0	100	37.25230888	127.080424	15	4	1	2	1	2	1
0	100	37.25230888	127.080424	15	4	1	2	1	2	1
0	100	37.25230888	127.080424	15	4	1	2	1	2	1
0	100	37.25230888	127.080424	15	4	1	2	1	2	1
0	100	37.25230888	127.080424	15	4	1	2	1	2	1
0	100	37.25230888	127.080424	15	4	1	2	1	2	1
0	100	37.25230888	127.080424	15	4	1	2	1	2	1
0	72	37.239526	127.0834203	21	4	1	2	1	2	1
0	65	37.24861916	127.078464	22	4	1	2	1	2	1
0	73	37.2523042	127.0803191	1	5	1	2	2	2	1
0	73	37.2523042	127.0803191	1	5	1	2	2	2	1
0	74	37.2523042	127.0803191	1	5	1	2	2	2	1
0	95	37.2523042	127.0803191	1	5	1	2	2	2	1
0	95	37.2523042	127.0803191	1	5	1	2	2	2	1
0	96	37.2523042	127.0803191	1	5	1	2	1	2	1
0	96	37.2523042	127.0803191	1	5	1	2	1	2	1
0	96	37.2522737	127.0804029	1	5	1	2	1	2	1
0	100	37.2522737	127.0804029	1	5	1	2	1	2	1
0	100	37.2522737	127.0804029	1	5	1	2	1	2	1
0	100	37.2522737	127.0804029	1	5	1	2	1	2	1
0	100	37.2522737	127.0804029	1	5	1	2	1	2	1
0	100	37.2522737	127.0804029	1	5	1	2	1	2	1
0	100	37.2522737	127.0804029	1	5	1	2	2	2	1
0	100	37.2522737	127.0804029	1	5	1	2	2	2	1
0	100	37.2522737	127.0804029	1	5	1	2	2	2	1
0	100	37.2522737	127.0804029	1	5	1	2	2	2	1
0	100	37.2522737	127.0804029	4	5	1	2	1	2	1
0	63	37.2522737	127.0804029	14	5	1	2	1	2	1
0	63	37.2522737	127.0804029	14	5	1	2	1	2	1
0	63	37.2522737	127.0804029	14	5	1	2	1	2	1
0	63	37.2522737	127.0804029	14	5	1	2	1	2	1
0	85	37.2522737	127.0804029	14	5	1	2	1	2	1
0	85	37.2522737	127.0804029	14	5	1	2	2	2	1
0	85	37.2522737	127.0804029	14	5	1	2	2	2	1
0	85	37.2522737	127.0804029	14	5	1	2	2	2	1
0	100	37.25230888	127.080424	15	5	1	2	2	2	1
0	100	37.25230888	127.080424	15	5	1	2	2	2	1
0	100	37.25230888	127.080424	15	5	1	2	2	2	1
0	100	37.25230888	127.080424	15	5	1	2	2	2	1
0	100	37.25230888	127.080424	15	5	1	2	2	2	1
0	89	37.2395679	127.0835041	18	5	1	2	1	2	1
0	89	37.2395679	127.0835041	18	5	1	2	1	2	1
0	89	37.2395679	127.0835041	18	5	1	2	2	2	1
0	89	37.2395679	127.0835041	18	5	1	2	2	2	1
0	89	37.2395679	127.0835041	18	5	1	2	2	2	1
0	89	37.2395679	127.0835041	18	5	1	2	2	2	1
0	74	37.239526	127.0834203	21	5	1	2	1	2	1
0	72	37.239526	127.0834203	21	5	1	2	2	2	1
0	72	37.239526	127.0834203	21	5	1	2	2	2	1
0	72	37.239526	127.0834203	21	5	1	2	2	2	1
0	65	37.24861916	127.078464	22	5	1	2	1	2	1
0	65	37.24881463	127.0785547	22	5	1	2	1	2	1
0	65	37.24881463	127.0785547	22	5	1	2	2	2	1
0	65	37.24881416	127.0785322	22	5	1	2	2	2	1
0	65	37.24881416	127.0785322	22	5	1	2	2	2	1
0	65	37.24881416	127.0785322	22	5	1	2	2	2	1
0	100	37.2522737	127.0804029	4	7	1	2	1	2	1
0	100	37.2522737	127.0804029	1	8	1	2	1	2	1
0	100	37.2522737	127.0804029	1	8	1	2	1	2	1
0	100	37.2522737	127.0804029	1	8	1	2	1	2	1
0	100	37.2522737	127.0804029	2	8	1	2	2	2	1
0	100	37.2522737	127.0804029	2	8	1	2	1	2	1
0	100	37.2522737	127.0804029	2	8	1	2	2	2	1
0	100	37.2522737	127.0804029	2	8	1	2	2	2	1
0	100	37.2522737	127.0804029	2	8	1	2	2	2	1
0	100	37.25180164	127.080378	3	8	1	2	2	2	1
0	100	37.25180164	127.080378	3	8	1	2	2	2	1
0	100	37.25180164	127.080378	3	8	1	2	1	2	1
0	100	37.25180164	127.080378	3	8	1	2	1	2	1
0	100	37.25180164	127.080378	3	8	1	2	1	2	1
0	100	37.2522737	127.0804029	4	8	1	2	1	2	1
0	100	37.2522737	127.0804029	4	8	1	2	1	2	1
0	100	37.2522737	127.0804029	4	8	1	2	1	2	1
0	100	37.2522737	127.0804029	4	8	1	2	1	2	1
0	100	37.2522737	127.0804029	4	8	1	2	1	2	1
0	100	37.2522737	127.0804029	4	8	1	2	1	2	1
0	100	37.2522737	127.0804029	4	8	1	2	2	2	1
0	100	37.2522737	127.0804029	4	8	1	2	2	2	1
0	100	37.2522737	127.0804029	4	8	1	2	2	2	1
0	90	37.2395679	127.0835041	18	8	1	2	1	2	1
0	90	37.2395679	127.0835041	18	8	1	2	1	2	1
0	90	37.2395679	127.0835041	18	8	1	2	1	2	1
0	89	37.2395679	127.0835041	18	8	1	2	1	2	1
0	89	37.2395679	127.0835041	18	8	1	2	1	2	1
0	89	37.2395679	127.0835041	18	8	1	2	1	2	1
0	72	37.239526	127.0834203	21	8	1	2	1	2	1
0	72	37.239526	127.0834203	21	8	1	2	1	2	1
0	72	37.239526	127.0834203	21	8	1	2	1	2	1
0	71	37.239526	127.0834203	21	8	1	2	1	2	1
0	71	37.239526	127.0834203	21	8	1	2	1	2	1
0	65	37.24861916	127.078464	22	8	1	2	1	2	1
0	65	37.24861439	127.0784744	22	8	1	2	1	2	1
0	65	37.24863018	127.0784639	22	8	1	2	1	2	1
0	65	37.24862218	127.0784625	22	8	1	2	1	2	1
0	65	37.24862361	127.0784758	22	8	1	2	1	2	1
0	100	37.2522737	127.0804029	4	14	1	2	1	2	1
0	90	37.2395679	127.0835041	18	17	1	2	1	2	1
0	90	37.2395679	127.0835041	18	17	1	2	1	2	1
0	90	37.2395679	127.0835041	18	17	1	2	1	2	1
0	90	37.2395679	127.0835041	18	17	1	2	1	2	1
0	90	37.2395679	127.0835041	18	17	1	2	1	2	1
0	90	37.2395679	127.0835041	18	17	1	2	1	2	1
0	90	37.2395679	127.0835041	18	17	1	2	1	2	1
0	90	37.2395679	127.0835041	18	17	1	2	1	2	1
0	100	37.2522737	127.0804029	2	21	1	2	1	2	1
0	100	37.2522737	127.0804029	2	21	1	2	1	2	1
0	100	37.2522737	127.0804029	2	21	1	2	1	2	1
0	100	37.2522737	127.0804029	2	21	1	2	1	2	1
0	82	37.2522737	127.0804029	14	21	1	2	1	2	1
0	82	37.2522737	127.0804029	14	21	1	2	2	2	1
0	84	37.2522737	127.0804029	14	21	1	2	1	2	1
0	85	37.2522737	127.0804029	14	21	1	2	1	2	1
0	85	37.2522737	127.0804029	14	21	1	2	1	2	1
0	100	37.2522737	127.0804029	4	22	1	2	1	2	1
0	100	37.2522737	127.0804029	4	22	1	2	1	2	1
0	100	37.2522737	127.0804029	4	22	1	2	1	2	1
0	100	37.2522737	127.0804029	4	22	1	2	1	2	1
0	100	37.2522737	127.0804029	4	22	1	2	1	2	1
0	85	37.2522737	127.0804029	14	23	1	2	1	2	1
0	85	37.2522737	127.0804029	14	23	1	2	1	2	1
0	89	37.2395679	127.0835041	18	5	1	3	1	2	1
1.1798195	94	37.24746161	127.07873	16	-1	1	1	1	3	2
0	87	37.2392816	127.0838155	17	1	1	1	1	3	2
0	87	37.2392816	127.0838155	17	1	1	1	1	3	2
1.40099	95	37.25151527	127.0805571	16	2	1	1	2	3	2
1.1126744	95	37.25144788	127.0805625	16	2	1	1	2	3	2
0	95	37.25142032	127.0805553	16	2	1	1	2	3	2
0.37373105	94	37.24786268	127.0790371	16	2	1	1	2	3	2
0	94	37.24748303	127.0788123	16	2	1	1	2	3	2
0	92	37.2396176	127.0831688	16	2	1	1	2	3	1
0	92	37.2396176	127.0831688	16	2	1	1	2	3	1
0	92	37.2396176	127.0831688	16	2	1	1	2	3	1
0	92	37.2396176	127.0831688	16	2	1	1	2	3	1
0	92	37.2396176	127.0831688	16	2	1	1	2	3	1
0	92	37.2396176	127.0831688	16	2	1	1	2	3	1
0.96622896	95	37.25157763	127.0805637	16	5	1	1	2	3	2
0	92	37.2396176	127.0831688	16	5	1	1	2	3	1
0	92	37.2396176	127.0831688	16	5	1	1	1	3	1
0	90	37.2396176	127.0831688	17	5	1	1	2	3	2
0	90	37.2396176	127.0831688	17	5	1	1	1	3	2
0	100	37.2522737	127.0804029	11	10	1	1	1	3	1
0	96	37.2519736	127.0801235	16	13	1	1	1	3	2
0	96	37.25191913	127.080143	16	13	1	1	1	3	2
1.0969412	96	37.25185033	127.080145	16	13	1	1	1	3	2
0	95	37.25183073	127.08015	16	13	1	1	1	3	2
0	95	37.25177113	127.0801966	16	13	1	1	1	3	2
0.70842975	95	37.25167614	127.080241	16	13	1	1	1	3	2
0	95	37.25167614	127.080241	16	13	1	1	2	3	2
0	95	37.25165595	127.0803187	16	13	1	1	2	3	2
1.3767275	95	37.25167155	127.0804747	16	13	1	1	2	3	2
0.41553786	94	37.24748133	127.078821	16	13	1	1	1	3	2
1.3578186	94	37.24702214	127.0786436	16	13	1	1	1	3	2
1.4157158	94	37.24694822	127.0786122	16	13	1	1	1	3	2
1.3396571	94	37.24687443	127.0786073	16	13	1	1	1	3	2
1.2581296	94	37.24682415	127.0786023	16	13	1	1	1	3	2
1.2345176	94	37.24674078	127.0786193	16	13	1	1	1	3	2
0	96	37.25203087	127.0800662	16	14	1	1	1	3	2
0	95	37.25165721	127.0805195	16	14	1	1	1	3	2
0.40521884	94	37.24748983	127.0788131	16	14	1	1	1	3	2
0.83725786	94	37.24749492	127.0788217	16	14	1	1	1	3	2
1.3133788	94	37.24668182	127.078625	16	14	1	1	1	3	2
1.3206853	94	37.24663039	127.0786196	16	14	1	1	1	3	2
0	100	37.2522737	127.0804029	10	17	1	1	2	3	1
0	100	37.2522737	127.0804029	10	17	1	1	2	3	1
0	100	37.2522737	127.0804029	10	17	1	1	2	3	1
0	92	37.2396176	127.0831688	16	2	2	2	1	3	1
0	100	37.2522737	127.0804029	9	-1	1	2	2	3	2
0	54	37.2522737	127.0804029	4	1	1	2	1	3	1
0	100	37.2522737	127.0804029	13	1	1	2	1	3	1
0	95	37.2522737	127.0804029	16	1	1	2	1	3	1
0	95	37.2522737	127.0804029	16	1	1	2	1	3	1
0	92	37.2396176	127.0831688	16	1	1	2	1	3	1
0	90	37.2396176	127.0831688	17	1	1	2	1	3	2
0	90	37.2396176	127.0831688	17	1	1	2	1	3	2
0	81	37.25224339	127.080316	15	2	1	2	1	3	1
0	81	37.25224339	127.080316	15	2	1	2	1	3	1
0	81	37.25224339	127.080316	15	2	1	2	1	3	1
0	94	37.25224339	127.080316	16	2	1	2	2	3	1
0	94	37.25224339	127.080316	16	2	1	2	1	3	1
0	94	37.25224339	127.080316	16	2	1	2	1	3	1
0	95	37.2522737	127.0804029	16	2	1	2	2	3	2
0	95	37.2522737	127.0804029	16	2	1	2	2	3	2
0	95	37.2522737	127.0804029	16	2	1	2	2	3	2
0	95	37.2522737	127.0804029	16	2	1	2	1	3	2
0	95	37.2522737	127.0804029	16	2	1	2	1	3	2
0	96	37.2522737	127.0804029	16	2	1	2	2	3	2
0	96	37.2522737	127.0804029	16	2	1	2	2	3	2
0	96	37.2522737	127.0804029	16	2	1	2	2	3	2
0	96	37.2522737	127.0804029	16	2	1	2	1	3	2
0	96	37.2522737	127.0804029	16	2	1	2	1	3	2
0	96	37.2522737	127.0804029	16	2	1	2	2	3	2
0	96	37.2522737	127.0804029	16	2	1	2	2	3	2
0	96	37.25224293	127.0798173	16	2	1	2	1	3	2
0	96	37.25224293	127.0798173	16	2	1	2	1	3	2
0	96	37.252117	127.079971	16	2	1	2	1	3	2
0	92	37.2396176	127.0831688	16	2	1	2	2	3	1
0	92	37.2396176	127.0831688	16	2	1	2	2	3	1
0	92	37.2396176	127.0831688	16	2	1	2	2	3	1
0	92	37.2396176	127.0831688	16	2	1	2	2	3	1
0	92	37.2396176	127.0831688	16	2	1	2	1	3	1
0	92	37.2396176	127.0831688	16	2	1	2	1	3	1
0	58	37.2522737	127.0804029	0	3	1	2	1	3	1
0	58	37.2522737	127.0804029	0	3	1	2	1	3	1
0	58	37.2522737	127.0804029	0	3	1	2	2	3	1
0	56	37.2522737	127.0804029	0	3	1	2	1	3	1
0	56	37.2522737	127.0804029	0	3	1	2	1	3	1
0	56	37.2522737	127.0804029	0	3	1	2	2	3	1
0	56	37.2522737	127.0804029	0	3	1	2	1	3	1
0	56	37.2522737	127.0804029	0	3	1	2	1	3	1
0	56	37.2522737	127.0804029	0	3	1	2	2	3	1
0	56	37.2522737	127.0804029	0	3	1	2	1	3	1
0	56	37.2522737	127.0804029	0	3	1	2	1	3	1
0	56	37.2522737	127.0804029	0	3	1	2	1	3	1
0	56	37.2522737	127.0804029	0	3	1	2	1	3	1
0	55	37.2522737	127.0804029	1	3	1	2	2	3	1
0	55	37.2522737	127.0804029	1	3	1	2	2	3	1
0	55	37.2522737	127.0804029	1	3	1	2	2	3	1
0	55	37.2522737	127.0804029	1	3	1	2	1	3	1
0	84	37.2522737	127.0804029	14	3	1	2	1	3	1
0	82	37.2522737	127.0804029	15	3	1	2	1	3	1
0	82	37.2522737	127.0804029	15	3	1	2	1	3	1
0	82	37.2522737	127.0804029	15	3	1	2	2	3	1
0	94	37.25224339	127.080316	16	3	1	2	1	3	1
0	96	37.2522737	127.0804029	16	3	1	2	1	3	2
0	96	37.2522737	127.0804029	16	3	1	2	1	3	2
0	96	37.2522737	127.0804029	16	3	1	2	1	3	2
0	96	37.2522737	127.0804029	16	3	1	2	1	3	2
0	96	37.2522737	127.0804029	16	3	1	2	1	3	2
0	96	37.2522737	127.0804029	16	3	1	2	1	3	2
1.4872607	94	37.24505242	127.0785401	16	3	1	2	1	3	2
1.2604294	94	37.24502291	127.0785604	16	3	1	2	1	3	2
5.388475	93	37.24360115	127.0803665	16	3	1	2	1	3	2
4.8885355	93	37.24355414	127.080623	16	3	1	2	1	3	2
0	92	37.2396176	127.0831688	16	3	1	2	1	3	1
0	90	37.2396176	127.0831688	16	3	1	2	1	3	1
0	100	37.2522737	127.0804029	11	4	1	2	1	3	1
0	82	37.2522737	127.0804029	15	4	1	2	1	3	1
0	82	37.2522737	127.0804029	15	4	1	2	1	3	1
0	82	37.2522737	127.0804029	15	4	1	2	1	3	1
0	82	37.2522737	127.0804029	15	4	1	2	1	3	1
0	82	37.2522737	127.0804029	15	4	1	2	1	3	1
0	82	37.2522737	127.0804029	15	4	1	2	1	3	1
0	82	37.2522737	127.0804029	15	4	1	2	1	3	1
0	91	37.2396176	127.0831688	16	4	1	2	1	3	1
0	91	37.2396176	127.0831688	16	4	1	2	1	3	1
0	91	37.2396176	127.0831688	16	4	1	2	1	3	1
0	91	37.2396176	127.0831688	16	4	1	2	1	3	1
0	58	37.25232376	127.0800564	0	5	1	2	2	3	1
0	58	37.25232376	127.0800564	0	5	1	2	2	3	1
0	58	37.25232376	127.0800564	0	5	1	2	2	3	1
0	58	37.2522737	127.0804029	0	5	1	2	1	3	1
0	48	37.2522737	127.0804029	2	5	1	2	1	3	1
0	48	37.2522737	127.0804029	2	5	1	2	1	3	1
0	48	37.2522737	127.0804029	2	5	1	2	1	3	1
0	48	37.2522737	127.0804029	2	5	1	2	1	3	1
0	48	37.2522737	127.0804029	2	5	1	2	1	3	1
0	48	37.2522737	127.0804029	2	5	1	2	1	3	1
0	48	37.2522737	127.0804029	2	5	1	2	1	3	1
0	48	37.2522737	127.0804029	2	5	1	2	1	3	1
0	48	37.2522737	127.0804029	2	5	1	2	1	3	1
0	60	37.2522737	127.0804029	3	5	1	2	1	3	1
0	61	37.2522737	127.0804029	3	5	1	2	1	3	1
0	62	37.2522737	127.0804029	4	5	1	2	1	3	1
0	54	37.2522737	127.0804029	4	5	1	2	1	3	1
0	79	37.2522737	127.0804029	5	5	1	2	1	3	2
0	79	37.2522737	127.0804029	5	5	1	2	2	3	2
0	79	37.2522737	127.0804029	5	5	1	2	2	3	2
0	79	37.2522737	127.0804029	5	5	1	2	2	3	2
0	79	37.2522737	127.0804029	5	5	1	2	2	3	2
0	100	37.2522737	127.0804029	9	5	1	2	2	3	2
0	100	37.2522737	127.0804029	9	5	1	2	2	3	2
0	100	37.2522737	127.0804029	9	5	1	2	2	3	2
0	100	37.2522737	127.0804029	9	5	1	2	1	3	2
0	100	37.2522737	127.0804029	11	5	1	2	1	3	1
0	100	37.2522737	127.0804029	11	5	1	2	1	3	1
0	100	37.2522737	127.0804029	11	5	1	2	1	3	1
0	100	37.2522737	127.0804029	11	5	1	2	2	3	1
0	100	37.2522737	127.0804029	11	5	1	2	2	3	1
0	100	37.2522737	127.0804029	11	5	1	2	2	3	1
0	100	37.2522737	127.0804029	11	5	1	2	2	3	1
0	100	37.2522737	127.0804029	11	5	1	2	2	3	1
0	100	37.2522737	127.0804029	11	5	1	2	2	3	1
0	100	37.2522737	127.0804029	11	5	1	2	2	3	1
0	100	37.2522737	127.0804029	11	5	1	2	1	3	1
0	100	37.2522737	127.0804029	11	5	1	2	1	3	1
0	100	37.2522737	127.0804029	11	5	1	2	2	3	1
0	100	37.2522737	127.0804029	11	5	1	2	2	3	1
0	100	37.25252126	127.0806339	12	5	1	2	2	3	1
0	100	37.25252126	127.0806339	12	5	1	2	2	3	1
0	100	37.25192659	127.0804879	13	5	1	2	1	3	1
0	100	37.25192659	127.0804879	13	5	1	2	1	3	1
0	84	37.2522737	127.0804029	14	5	1	2	1	3	1
0	84	37.2522737	127.0804029	14	5	1	2	1	3	1
0	84	37.2522737	127.0804029	14	5	1	2	1	3	1
0	84	37.2522737	127.0804029	14	5	1	2	2	3	1
0	84	37.2522737	127.0804029	14	5	1	2	2	3	1
0	84	37.2522737	127.0804029	14	5	1	2	2	3	1
0	82	37.2522737	127.0804029	15	5	1	2	2	3	1
0	82	37.2522737	127.0804029	15	5	1	2	2	3	1
0	82	37.2522737	127.0804029	15	5	1	2	2	3	1
0	82	37.2522737	127.0804029	15	5	1	2	1	3	1
0	82	37.2522737	127.0804029	15	5	1	2	1	3	1
0	82	37.2522737	127.0804029	15	5	1	2	1	3	1
0	82	37.2522737	127.0804029	15	5	1	2	1	3	1
0	82	37.2522737	127.0804029	15	5	1	2	2	3	1
0	82	37.2522737	127.0804029	15	5	1	2	2	3	1
0	82	37.2522737	127.0804029	15	5	1	2	2	3	1
0	82	37.2522737	127.0804029	15	5	1	2	2	3	1
0	82	37.2522737	127.0804029	15	5	1	2	2	3	1
0	81	37.25224339	127.080316	15	5	1	2	2	3	1
0	81	37.25224339	127.080316	15	5	1	2	2	3	1
0	81	37.25224339	127.080316	15	5	1	2	1	3	1
0	95	37.2522737	127.0804029	16	5	1	2	1	3	1
0	95	37.2522737	127.0804029	16	5	1	2	2	3	1
0	96	37.2522737	127.0804029	16	5	1	2	2	3	2
6.224703	93	37.24328646	127.0806939	16	5	1	2	1	3	2
0	93	37.24306607	127.0806736	16	5	1	2	1	3	2
0	92	37.2396176	127.0831688	16	5	1	2	1	3	1
0	92	37.2396176	127.0831688	16	5	1	2	1	3	1
0	92	37.2396176	127.0831688	16	5	1	2	2	3	1
0	92	37.2396176	127.0831688	16	5	1	2	2	3	1
0	92	37.2396176	127.0831688	16	5	1	2	2	3	1
0	91	37.2396176	127.0831688	16	5	1	2	2	3	1
0	91	37.2396176	127.0831688	16	5	1	2	2	3	1
0	91	37.2396176	127.0831688	16	5	1	2	1	3	1
0	91	37.2396176	127.0831688	16	5	1	2	2	3	1
0	91	37.2396176	127.0831688	16	5	1	2	2	3	1
0	91	37.2396176	127.0831688	16	5	1	2	2	3	1
0	91	37.2396176	127.0831688	16	5	1	2	2	3	1
0	91	37.2396176	127.0831688	16	5	1	2	1	3	1
0	90	37.2396176	127.0831688	16	5	1	2	2	3	1
0	90	37.2396176	127.0831688	16	5	1	2	2	3	1
0	90	37.2396176	127.0831688	17	5	1	2	1	3	2
0	58	37.2522737	127.0804029	0	8	1	2	1	3	1
0	58	37.2522737	127.0804029	0	8	1	2	1	3	1
0	58	37.2522737	127.0804029	0	8	1	2	1	3	1
0	56	37.2522737	127.0804029	0	8	1	2	2	3	1
0	56	37.2522737	127.0804029	0	8	1	2	2	3	1
0	56	37.2522737	127.0804029	0	8	1	2	2	3	1
0	56	37.2522737	127.0804029	0	8	1	2	2	3	1
0	56	37.2522737	127.0804029	0	8	1	2	2	3	1
0	56	37.2522737	127.0804029	0	8	1	2	2	3	1
0	56	37.2522737	127.0804029	0	8	1	2	2	3	1
0	56	37.2522737	127.0804029	0	8	1	2	2	3	1
0	56	37.2522737	127.0804029	0	8	1	2	2	3	1
0	55	37.2522737	127.0804029	1	8	1	2	1	3	1
0	55	37.2522737	127.0804029	1	8	1	2	1	3	1
0	55	37.2522737	127.0804029	1	8	1	2	1	3	1
0	48	37.2522737	127.0804029	2	8	1	2	1	3	1
0	48	37.2522737	127.0804029	2	8	1	2	1	3	1
0	48	37.2522737	127.0804029	2	8	1	2	1	3	1
0	62	37.2522737	127.0804029	4	8	1	2	1	3	1
0	62	37.2522737	127.0804029	4	8	1	2	1	3	1
0	62	37.2522737	127.0804029	4	8	1	2	1	3	1
0	61	37.2522737	127.0804029	4	8	1	2	1	3	1
0	61	37.2522737	127.0804029	4	8	1	2	1	3	1
0	61	37.2522737	127.0804029	4	8	1	2	1	3	1
0	61	37.2522737	127.0804029	4	8	1	2	1	3	1
0	61	37.2522737	127.0804029	4	8	1	2	1	3	1
0	54	37.2522737	127.0804029	4	8	1	2	1	3	1
0	54	37.2522737	127.0804029	4	8	1	2	1	3	1
0	52	37.2522737	127.0804029	4	8	1	2	1	3	1
0	52	37.2522737	127.0804029	4	8	1	2	1	3	1
0	52	37.2522737	127.0804029	4	8	1	2	1	3	1
0	52	37.2522737	127.0804029	4	8	1	2	1	3	1
0	52	37.2522737	127.0804029	4	8	1	2	1	3	1
0	52	37.25231602	127.0800965	4	8	1	2	1	3	1
0	52	37.25231602	127.0800965	4	8	1	2	1	3	1
0	52	37.25231602	127.0800965	4	8	1	2	1	3	1
0	52	37.25231602	127.0800965	4	8	1	2	1	3	1
0	79	37.2522737	127.0804029	5	8	1	2	1	3	1
0	79	37.2522737	127.0804029	5	8	1	2	1	3	1
0	79	37.2522737	127.0804029	5	8	1	2	1	3	1
0	79	37.2522737	127.0804029	5	8	1	2	1	3	1
0	100	37.2522737	127.0804029	9	8	1	2	2	3	1
0	100	37.2522737	127.0804029	9	8	1	2	2	3	1
0	100	37.2522737	127.0804029	9	8	1	2	2	3	1
0	100	37.2522737	127.0804029	10	8	1	2	2	3	1
0	100	37.2522737	127.0804029	10	8	1	2	2	3	1
0	100	37.2522737	127.0804029	10	8	1	2	2	3	1
0	100	37.25192659	127.0804879	13	8	1	2	1	3	1
0	100	37.25192659	127.0804879	13	8	1	2	1	3	1
0	100	37.25192659	127.0804879	13	8	1	2	1	3	1
0	100	37.2522737	127.0804029	13	8	1	2	1	3	1
0	100	37.2522737	127.0804029	13	8	1	2	1	3	1
0	100	37.2522737	127.0804029	13	8	1	2	1	3	1
0	100	37.2522737	127.0804029	13	8	1	2	1	3	1
0	100	37.2522737	127.0804029	13	8	1	2	1	3	1
0	100	37.2522737	127.0804029	13	8	1	2	1	3	1
0	100	37.2522737	127.0804029	13	8	1	2	1	3	1
0	100	37.2522737	127.0804029	13	8	1	2	1	3	1
0	84	37.2522737	127.0804029	14	8	1	2	1	3	1
0	84	37.2522737	127.0804029	14	8	1	2	1	3	1
0	84	37.2522737	127.0804029	14	8	1	2	1	3	1
0	84	37.2522737	127.0804029	14	8	1	2	1	3	1
0	63	37.2522737	127.0804029	4	9	1	2	2	3	1
0	63	37.2522737	127.0804029	4	9	1	2	2	3	1
0	63	37.2522737	127.0804029	4	9	1	2	2	3	1
0	63	37.2522737	127.0804029	4	9	1	2	2	3	1
0	63	37.2522737	127.0804029	4	9	1	2	2	3	1
0	63	37.2522737	127.0804029	4	9	1	2	2	3	1
0	63	37.2522737	127.0804029	4	9	1	2	2	3	1
0	63	37.2522737	127.0804029	4	9	1	2	2	3	1
0	63	37.2522737	127.0804029	4	9	1	2	2	3	1
0	63	37.2522737	127.0804029	4	9	1	2	2	3	1
0	63	37.2522737	127.0804029	4	9	1	2	2	3	1
0	63	37.2522737	127.0804029	4	9	1	2	1	3	1
0	63	37.2522737	127.0804029	4	9	1	2	1	3	1
0	63	37.2522737	127.0804029	4	9	1	2	1	3	1
0	63	37.2522737	127.0804029	4	9	1	2	1	3	1
0	63	37.2522737	127.0804029	4	9	1	2	1	3	1
0	63	37.2522737	127.0804029	4	9	1	2	1	3	1
0	63	37.2522737	127.0804029	4	9	1	2	1	3	1
0	63	37.2522737	127.0804029	4	9	1	2	1	3	1
0	63	37.2522737	127.0804029	4	9	1	2	1	3	1
0	63	37.2522737	127.0804029	4	9	1	2	1	3	1
0	63	37.2522737	127.0804029	4	9	1	2	1	3	1
0	63	37.2522737	127.0804029	4	9	1	2	1	3	1
0	63	37.2522737	127.0804029	4	9	1	2	1	3	1
0	63	37.2522737	127.0804029	4	9	1	2	1	3	1
0	63	37.2522737	127.0804029	4	9	1	2	1	3	1
0	63	37.2522737	127.0804029	4	9	1	2	1	3	1
0	63	37.2522737	127.0804029	4	9	1	2	1	3	1
0	63	37.2522737	127.0804029	4	9	1	2	1	3	1
0	63	37.2522737	127.0804029	4	9	1	2	1	3	1
0	100	37.2522737	127.0804029	11	10	1	2	1	3	1
0	100	37.2522737	127.0804029	11	10	1	2	1	3	1
0	100	37.2522737	127.0804029	11	10	1	2	1	3	1
0	100	37.2522737	127.0804029	11	10	1	2	2	3	1
0	100	37.2522737	127.0804029	11	10	1	2	2	3	1
0	100	37.2522737	127.0804029	11	10	1	2	1	3	1
0	100	37.2522737	127.0804029	11	10	1	2	1	3	1
0	100	37.2522737	127.0804029	9	13	1	2	2	3	2
0	100	37.2522737	127.0804029	9	13	1	2	2	3	2
0	100	37.25252126	127.0806339	12	13	1	2	1	3	1
0	100	37.25252126	127.0806339	12	13	1	2	1	3	1
0	100	37.25252126	127.0806339	12	13	1	2	1	3	1
0	100	37.25192659	127.0804879	13	13	1	2	2	3	1
0	100	37.25192659	127.0804879	13	13	1	2	2	3	1
0	100	37.25192659	127.0804879	13	13	1	2	1	3	1
1.067186	94	37.24741109	127.0786686	16	13	1	2	1	3	2
0.63614374	94	37.2473709	127.0786624	16	13	1	2	1	3	2
1.0182128	94	37.2473182	127.0786589	16	13	1	2	1	3	2
1.1908518	94	37.24723719	127.0786567	16	13	1	2	1	3	2
1.2249554	94	37.24715336	127.0786628	16	13	1	2	1	3	2
1.2392224	94	37.2470934	127.0786647	16	13	1	2	1	3	2
1.4175059	94	37.24656454	127.0786216	16	13	1	2	1	3	2
1.4453527	94	37.24651211	127.0786352	16	13	1	2	1	3	2
1.2995397	94	37.24518955	127.0785101	16	13	1	2	2	3	2
1.4663352	94	37.24510838	127.0785154	16	13	1	2	2	3	2
0	100	37.25192659	127.0804879	13	14	1	2	1	3	1
0	100	37.25192659	127.0804879	13	14	1	2	1	3	1
0	96	37.25207747	127.0800239	16	14	1	2	1	3	2
0	100	37.2522737	127.0804029	10	17	1	2	1	3	1
0	100	37.2522737	127.0804029	10	17	1	2	2	3	1
0	100	37.2522737	127.0804029	10	17	1	2	2	3	1
0	100	37.2522737	127.0804029	10	17	1	2	2	3	1
0	100	37.25192659	127.0804879	13	17	1	2	1	3	1
0	100	37.25192659	127.0804879	13	17	1	2	1	3	1
0	100	37.25192659	127.0804879	13	17	1	2	1	3	1
0	100	37.25192659	127.0804879	13	17	1	2	1	3	1
0	100	37.25192659	127.0804879	13	17	1	2	1	3	1
0	100	37.25192659	127.0804879	13	17	1	2	1	3	1
0	91	37.2396176	127.0831688	16	17	1	2	1	3	1
0	91	37.2396176	127.0831688	16	17	1	2	1	3	1
0	91	37.2396176	127.0831688	16	17	1	2	1	3	1
0	90	37.2396176	127.0831688	16	17	1	2	1	3	1
0	90	37.2396176	127.0831688	16	17	1	2	1	3	1
0	100	37.2522737	127.0804029	9	19	1	2	2	3	2
0	100	37.2522737	127.0804029	9	19	1	2	2	3	2
0	100	37.2522737	127.0804029	9	19	1	2	2	3	2
0	100	37.2522737	127.0804029	9	19	1	2	2	3	2
0	100	37.2522737	127.0804029	9	19	1	2	2	3	2
0	100	37.2522737	127.0804029	9	19	1	2	2	3	2
0	100	37.2522737	127.0804029	9	19	1	2	2	3	2
0	52	37.2522737	127.0804029	4	21	1	2	1	3	1
0	52	37.2522737	127.0804029	4	21	1	2	1	3	1
0	52	37.2522737	127.0804029	4	21	1	2	1	3	1
0	52	37.2522737	127.0804029	4	21	1	2	1	3	1
0	52	37.2522737	127.0804029	4	21	1	2	1	3	1
0	52	37.25231602	127.0800965	4	21	1	2	1	3	1
0	52	37.25231602	127.0800965	4	21	1	2	1	3	1
0	79	37.2522737	127.0804029	5	21	1	2	2	3	2
0	100	37.2522737	127.0804029	11	21	1	2	1	3	1
0	100	37.2522737	127.0804029	11	21	1	2	1	3	1
0	100	37.2522737	127.0804029	13	21	1	2	1	3	1
0	84	37.2522737	127.0804029	14	21	1	2	1	3	1
0	82	37.2522737	127.0804029	15	21	1	2	1	3	1
0	92	37.2396176	127.0831688	16	21	1	2	1	3	1
0	61	37.2522737	127.0804029	3	22	1	2	1	3	1
0	62	37.2522737	127.0804029	3	22	1	2	1	3	1
0	62	37.2522737	127.0804029	3	22	1	2	1	3	1
0	63	37.2522737	127.0804029	3	22	1	2	1	3	1
0	63	37.2522737	127.0804029	3	22	1	2	1	3	1
0	63	37.2522737	127.0804029	3	22	1	2	1	3	1
0	63	37.2522737	127.0804029	3	22	1	2	1	3	1
0	63	37.2522737	127.0804029	4	22	1	2	1	3	1
0	63	37.2522737	127.0804029	4	22	1	2	1	3	1
0	63	37.2522737	127.0804029	4	22	1	2	1	3	1
0	63	37.2522737	127.0804029	4	22	1	2	1	3	1
0	63	37.2522737	127.0804029	4	22	1	2	1	3	1
0	63	37.2522737	127.0804029	4	22	1	2	1	3	1
0	62	37.2522737	127.0804029	4	22	1	2	1	3	1
0	62	37.2522737	127.0804029	4	22	1	2	1	3	1
0	62	37.2522737	127.0804029	4	22	1	2	1	3	1
0	62	37.2522737	127.0804029	4	22	1	2	1	3	1
0	62	37.2522737	127.0804029	4	22	1	2	1	3	1
0	62	37.2522737	127.0804029	4	22	1	2	1	3	1
0	62	37.2522737	127.0804029	4	22	1	2	1	3	1
0	84	37.2522737	127.0804029	14	22	1	2	1	3	1
0	84	37.2522737	127.0804029	14	22	1	2	1	3	1
0	84	37.2522737	127.0804029	14	22	1	2	1	3	1
0	82	37.2522737	127.0804029	15	22	1	2	1	3	1
0	82	37.2522737	127.0804029	15	22	1	2	1	3	1
0	82	37.2522737	127.0804029	15	22	1	2	1	3	1
0	82	37.2522737	127.0804029	15	22	1	2	1	3	1
0	82	37.2522737	127.0804029	15	22	1	2	1	3	1
0	82	37.2522737	127.0804029	15	22	1	2	1	3	1
0	82	37.2522737	127.0804029	15	22	1	2	1	3	1
0	82	37.2522737	127.0804029	15	22	1	2	1	3	1
0	82	37.2522737	127.0804029	15	22	1	2	1	3	1
0	82	37.2522737	127.0804029	15	22	1	2	1	3	1
0	48	37.2522737	127.0804029	2	24	1	2	1	3	1
0	48	37.2522737	127.0804029	2	24	1	2	1	3	1
0	48	37.2522737	127.0804029	2	24	1	2	1	3	1
0	60	37.2522737	127.0804029	3	24	1	2	1	3	1
0	60	37.2522737	127.0804029	3	24	1	2	1	3	1
0	60	37.2522737	127.0804029	3	24	1	2	1	3	1
0	60	37.2522737	127.0804029	3	25	1	2	1	3	1
0	60	37.2522737	127.0804029	3	25	1	2	1	3	1
0	60	37.2522737	127.0804029	3	25	1	2	1	3	1
0	61	37.2522737	127.0804029	3	25	1	2	1	3	1
0	61	37.2522737	127.0804029	3	25	1	2	1	3	1
0	61	37.2522737	127.0804029	3	25	1	2	1	3	1
0	82	37.2522737	127.0804029	15	25	1	2	1	3	1
0	82	37.2522737	127.0804029	15	25	1	2	1	3	1
0	67	37.23954905	127.0832715	16	5	2	1	2	4	2
0	67	37.23954905	127.0832715	16	5	2	1	2	4	2
0	63	37.23954905	127.0832715	17	5	2	1	2	4	2
0	63	37.23954905	127.0832715	17	5	2	1	2	4	2
0	62	37.23954905	127.0832715	17	5	2	1	1	4	2
0	62	37.23954905	127.0832715	17	5	2	1	2	4	2
0.096001685	62	37.23928592	127.0841582	17	5	2	1	1	4	2
0	62	37.23927316	127.0840992	17	5	2	1	1	4	2
0	62	37.23927316	127.0840992	17	6	2	1	1	4	2
0	62	37.2392305	127.0839591	17	6	2	1	1	4	2
0	62	37.23954905	127.0832715	17	8	2	1	1	4	2
0	62	37.23954905	127.0832715	17	8	2	1	1	4	2
0	72	37.2517254	127.0803191	16	1	1	1	1	4	1
0	72	37.2517254	127.0803191	16	1	1	1	1	4	1
1.582403	72	37.25168882	127.0807133	16	2	1	1	2	4	1
0	72	37.25155044	127.080606	16	2	1	1	2	4	1
0.9009089	72	37.24857928	127.0794086	16	2	1	1	2	4	1
0	72	37.24856386	127.0793401	16	2	1	1	2	4	1
1.0357285	72	37.24834733	127.0790297	16	2	1	1	2	4	1
0	71	37.2483149	127.0790388	16	2	1	1	2	4	1
0	71	37.24486659	127.0785751	16	2	1	1	2	4	1
0	71	37.24484808	127.078568	16	2	1	1	1	4	1
1.3426077	70	37.23991536	127.0827843	16	2	1	1	2	4	1
0	70	37.2399066	127.0828444	16	2	1	1	2	4	1
0	70	37.23954905	127.0832715	16	3	1	1	1	4	1
0	72	37.24858719	127.0791334	16	5	1	1	1	4	1
1.0051602	72	37.24855137	127.0790978	16	5	1	1	2	4	1
0	68	37.23954905	127.0832715	16	5	3	2	1	4	2
0	62	37.23954905	127.0832715	17	3	2	2	1	4	2
0	62	37.23954905	127.0832715	17	3	2	2	1	4	2
0	62	37.23954905	127.0832715	17	3	2	2	1	4	2
0	62	37.23954905	127.0832715	17	3	2	2	1	4	2
0	62	37.23954905	127.0832715	17	3	2	2	1	4	2
0	62	37.23954905	127.0832715	17	3	2	2	1	4	2
0	63	37.23954905	127.0832715	17	4	2	2	1	4	2
0	63	37.23954905	127.0832715	17	4	2	2	1	4	2
0	63	37.23954905	127.0832715	17	4	2	2	1	4	2
0	63	37.23954905	127.0832715	17	4	2	2	1	4	2
0	62	37.23954905	127.0832715	17	4	2	2	1	4	2
0	68	37.23954905	127.0832715	16	5	2	2	2	4	2
0	68	37.23954905	127.0832715	16	5	2	2	2	4	2
0	67	37.23954905	127.0832715	16	5	2	2	2	4	2
0	67	37.23954905	127.0832715	16	5	2	2	2	4	2
0	63	37.23954905	127.0832715	17	5	2	2	1	4	2
0	62	37.23954905	127.0832715	17	5	2	2	1	4	2
0	61	37.2392305	127.0839591	17	5	2	2	1	4	2
0	61	37.2392305	127.0839591	17	5	2	2	1	4	2
0	61	37.2392305	127.0839591	17	5	2	2	1	4	2
0	61	37.2392305	127.0839591	17	5	2	2	1	4	2
0	61	37.2392305	127.0839591	17	5	2	2	1	4	2
0	61	37.2392305	127.0839591	17	5	2	2	1	4	2
0	61	37.2392305	127.0839591	17	5	2	2	1	4	2
0	61	37.2392305	127.0839591	17	5	2	2	2	4	2
0	61	37.2392305	127.0839591	17	5	2	2	2	4	2
0	61	37.2392305	127.0839591	17	5	2	2	2	4	2
0	61	37.2392305	127.0839591	17	5	2	2	2	4	2
0	61	37.2392305	127.0839591	17	5	2	2	2	4	2
0	61	37.2392305	127.0839591	17	5	2	2	2	4	2
0	61	37.2392305	127.0839591	17	5	2	2	2	4	2
0	62	37.2392305	127.0839591	17	6	2	2	1	4	2
0	62	37.2392305	127.0839591	17	6	2	2	1	4	2
0	62	37.2392305	127.0839591	17	6	2	2	1	4	2
0	62	37.2392305	127.0839591	17	6	2	2	1	4	2
0	62	37.2392305	127.0839591	17	6	2	2	1	4	2
0	62	37.2392305	127.0839591	17	6	2	2	1	4	2
0	62	37.2392305	127.0839591	17	6	2	2	1	4	2
0	62	37.2392305	127.0839591	17	6	2	2	1	4	2
0	62	37.2392305	127.0839591	17	6	2	2	1	4	2
0	62	37.2392305	127.0839591	17	6	2	2	1	4	2
0	62	37.2392305	127.0839591	17	6	2	2	1	4	2
0	62	37.2392305	127.0839591	17	6	2	2	1	4	2
0	62	37.2392305	127.0839591	17	6	2	2	1	4	2
0	62	37.2392305	127.0839591	17	6	2	2	1	4	2
0	62	37.2392305	127.0839591	17	6	2	2	1	4	2
0	62	37.2392305	127.0839591	17	6	2	2	1	4	2
0	61	37.2392305	127.0839591	17	6	2	2	1	4	2
0	61	37.2392305	127.0839591	17	12	2	2	1	4	2
0	61	37.2392305	127.0839591	17	12	2	2	1	4	2
0	61	37.2392305	127.0839591	17	12	2	2	1	4	2
0	61	37.2392305	127.0839591	17	12	2	2	1	4	2
0	61	37.2392305	127.0839591	17	12	2	2	1	4	2
0	61	37.2392305	127.0839591	17	12	2	2	1	4	2
0	62	37.2392305	127.0839591	17	26	2	2	1	4	2
0	62	37.2392305	127.0839591	17	26	2	2	1	4	2
0	62	37.2392305	127.0839591	17	26	2	2	1	4	2
0	62	37.2392305	127.0839591	17	26	2	2	1	4	2
0	62	37.2392305	127.0839591	17	26	2	2	1	4	2
0	62	37.2392305	127.0839591	17	26	2	2	1	4	2
0	62	37.2392305	127.0839591	17	26	2	2	1	4	2
0	71	37.24487021	127.0785612	16	2	1	2	2	4	1
0.26143235	71	37.24495921	127.0783198	16	2	1	2	2	4	1
0	69	37.23954905	127.0832715	16	3	1	2	1	4	1
0	70	37.23954905	127.0832715	16	5	1	2	1	4	1
0	68	37.23954905	127.0832715	16	5	1	2	2	4	2
0	71	37.24484264	127.0785591	16	16	1	2	1	4	1
0	71	37.24485228	127.0785589	16	16	1	2	1	4	1
0	77	37.2418819	127.0797324	21	5	1	2	2	5	1
0	77	37.2418819	127.0797324	21	5	1	2	2	5	1
0	77	37.2418819	127.0797324	21	5	1	2	2	5	1
0	77	37.2418819	127.0797324	21	7	1	2	1	5	1
0	77	37.2418819	127.0797324	21	7	1	2	1	5	1
0	77	37.2418819	127.0797324	21	7	1	2	1	5	1
0	77	37.2418819	127.0797324	21	7	1	2	1	5	1
0	77	37.2418819	127.0797324	21	7	1	2	1	5	1
0	77	37.2418819	127.0797324	21	7	1	2	1	5	1
0	77	37.2418819	127.0797324	21	21	1	2	1	5	1
0	77	37.2418819	127.0797324	21	21	1	2	1	5	1
6.0763407	100	37.24235243	127.0820905	20	5	1	1	2	6	1
6.0732336	100	37.24252785	127.0818231	20	5	1	1	2	6	1
6.430961	100	37.24252591	127.0814016	20	5	1	1	2	6	1
6.27589	100	37.24252035	127.0809964	20	5	1	1	1	6	1
0	97	37.25118856	127.0742047	20	5	1	1	2	6	1
0	97	37.25118856	127.0742047	20	5	1	1	2	6	1
0	97	37.25118856	127.0742047	20	5	1	1	1	6	1
0	86	37.24028714	127.0825051	15	8	1	1	2	6	1
0	86	37.24028902	127.0824953	15	8	1	1	1	6	1
5.3398275	100	37.24257708	127.0806885	20	11	1	1	1	6	1
7.355908	100	37.24289337	127.0806021	20	11	1	1	1	6	1
7.493241	100	37.24329582	127.0806278	20	11	1	1	1	6	1
5.7917657	99	37.24660255	127.0785317	20	11	1	1	1	6	1
7.1215982	99	37.24692426	127.0784933	20	11	1	1	1	6	1
4.7529216	99	37.24720695	127.0784529	20	11	1	1	1	6	1
0	97	37.25118856	127.0742047	20	15	1	1	1	6	1
0	97	37.25118856	127.0742047	20	15	1	1	1	6	1
0	97	37.25118856	127.0742047	20	15	1	1	1	6	1
0	97	37.25118856	127.0742047	20	15	1	1	1	6	1
0	97	37.25118856	127.0742047	20	15	1	1	1	6	1
0	97	37.25118856	127.0742047	20	15	1	1	1	6	1
0	97	37.25118856	127.0742047	20	15	1	1	1	6	1
0	97	37.25118856	127.0742047	20	15	1	1	1	6	1
0	97	37.25118856	127.0742047	20	15	1	1	1	6	1
0	97	37.25118856	127.0742047	20	15	1	1	1	6	1
0	97	37.25118856	127.0742047	20	15	1	1	1	6	1
0	97	37.25118856	127.0742047	20	15	1	1	1	6	1
0	97	37.25118856	127.0742047	20	15	1	1	1	6	1
0	97	37.25118856	127.0742047	20	15	1	1	1	6	1
0	97	37.25118856	127.0742047	20	15	1	1	1	6	1
0	97	37.25118856	127.0742047	20	15	1	1	1	6	1
0	99	37.24726494	127.0784629	20	21	1	1	1	6	1
0	87	37.2402638	127.0825583	15	1	1	2	1	6	1
0	87	37.2402638	127.0825583	15	1	1	2	1	6	1
0	99	37.24160857	127.0801064	9	4	1	2	1	6	2
0	99	37.24160857	127.0801064	9	4	1	2	1	6	2
0	99	37.24160857	127.0801064	9	4	1	2	2	6	2
0	99	37.24204911	127.0797329	10	4	1	2	2	6	2
0	99	37.24206216	127.0797419	10	4	1	2	2	6	2
2.1459846	99	37.24204082	127.0796646	10	4	1	2	2	6	2
2.5952268	99	37.24204767	127.0795687	10	4	1	2	2	6	2
2.3392518	99	37.24205278	127.079505	10	4	1	2	2	6	2
2.003208	99	37.24203524	127.0794631	10	4	1	2	2	6	2
1.7076404	99	37.24201576	127.0794512	10	4	1	2	2	6	2
1.7076404	99	37.24201576	127.0794512	10	4	1	2	2	6	2
1.4113814	99	37.2419812	127.0794458	10	4	1	2	2	6	2
0	99	37.24198504	127.0794543	10	4	1	2	2	6	2
0	97	37.24217109	127.0795239	10	4	1	2	2	6	2
0	97	37.24208725	127.0796251	10	4	1	2	2	6	2
0	97	37.24208725	127.0796251	10	4	1	2	2	6	2
0	97	37.24208725	127.0796251	11	4	1	2	2	6	2
0	97	37.24208725	127.0796251	11	4	1	2	2	6	2
0	96	37.24208725	127.0796251	11	4	1	2	2	6	2
0	96	37.24194464	127.0793594	11	4	1	2	2	6	2
0	92	37.24192591	127.0798429	13	4	1	2	2	6	2
0	92	37.24192591	127.0798429	13	4	1	2	2	6	2
0	92	37.24192591	127.0798429	14	4	1	2	1	6	2
0	86	37.24023892	127.0825644	15	4	1	2	1	6	1
0	86	37.24024665	127.0825682	15	4	1	2	1	6	1
0	86	37.24025527	127.0825667	15	4	1	2	1	6	1
0	86	37.24026415	127.082561	15	4	1	2	1	6	1
0	86	37.24026727	127.0825562	15	4	1	2	1	6	1
1.922717	100	37.242349	127.0797491	19	4	1	2	1	6	1
0	97	37.24208725	127.0796251	11	5	1	2	1	6	2
0	86	37.24028276	127.0825089	15	5	1	2	1	6	1
0	86	37.2402665	127.0825389	15	5	1	2	1	6	1
0	86	37.24026599	127.0825345	15	5	1	2	1	6	1
0	86	37.24026627	127.0825452	15	5	1	2	2	6	1
0	86	37.24027738	127.0825464	15	5	1	2	2	6	1
0	86	37.2402638	127.0825583	15	5	1	2	2	6	1
0	86	37.2402638	127.0825583	15	5	1	2	2	6	1
0	86	37.2402638	127.0825583	15	5	1	2	2	6	1
0	86	37.2402638	127.0825583	15	5	1	2	2	6	1
0	86	37.2402638	127.0825583	15	5	1	2	2	6	1
0	87	37.2402638	127.0825583	15	5	1	2	2	6	1
0	87	37.2402638	127.0825583	15	5	1	2	2	6	1
0	87	37.2402638	127.0825583	15	5	1	2	2	6	1
0	100	37.2412065	127.0802122	18	5	1	2	2	6	1
0	100	37.2412065	127.0802122	18	5	1	2	2	6	1
0	100	37.2412065	127.0802122	18	5	1	2	2	6	1
0	100	37.2412065	127.0802122	18	5	1	2	2	6	1
1.6257622	100	37.24156958	127.0799496	18	5	1	2	1	6	1
1.6257622	100	37.24156958	127.0799496	18	5	1	2	1	6	1
0	100	37.24196828	127.0798848	18	5	1	2	1	6	1
0	100	37.24196828	127.0798848	18	5	1	2	1	6	1
0	100	37.24196828	127.0798848	18	5	1	2	1	6	1
0.7378511	100	37.24235512	127.0797561	19	5	1	2	2	6	1
0	100	37.2423481	127.0797521	19	5	1	2	2	6	1
0	100	37.24229614	127.07969	19	5	1	2	2	6	1
0	100	37.24229614	127.07969	19	5	1	2	2	6	1
0	100	37.24175004	127.0801165	19	5	1	2	2	6	1
0	100	37.24175004	127.0801165	19	5	1	2	2	6	1
0	100	37.24175004	127.0801165	19	5	1	2	2	6	1
0	100	37.24175004	127.0801165	19	5	1	2	2	6	1
0	100	37.2414436	127.0789985	19	5	1	2	2	6	1
0.5700122	99	37.24730152	127.0784682	20	5	1	2	2	6	1
0	99	37.24726494	127.0784629	20	5	1	2	2	6	1
0	99	37.24726494	127.0784629	20	5	1	2	2	6	1
0	100	37.2418819	127.0797324	3	8	1	2	2	6	1
0	100	37.2418819	127.0797324	3	8	1	2	2	6	1
0	92	37.24192591	127.0798429	14	8	1	2	1	6	1
0	92	37.24192591	127.0798429	14	8	1	2	1	6	1
0	92	37.24192591	127.0798429	14	8	1	2	1	6	1
0	86	37.24028376	127.0825038	15	8	1	2	1	6	1
0	100	37.2418819	127.0797324	4	9	1	2	2	6	2
0	100	37.2418819	127.0797324	4	9	1	2	2	6	2
0	100	37.24174605	127.0795879	4	9	1	2	2	6	2
0	99	37.24160857	127.0801064	8	9	1	2	2	6	2
0	99	37.24160857	127.0801064	8	9	1	2	2	6	2
0	99	37.24160857	127.0801064	8	9	1	2	2	6	2
0	97	37.24208725	127.0796251	11	10	1	2	1	6	2
0	97	37.24208725	127.0796251	11	10	1	2	1	6	2
0	97	37.24208725	127.0796251	11	10	1	2	1	6	2
0	97	37.24208725	127.0796251	11	10	1	2	1	6	2
0	97	37.24208725	127.0796251	11	10	1	2	1	6	2
0	97	37.24208725	127.0796251	11	10	1	2	1	6	2
0	97	37.24208725	127.0796251	11	10	1	2	1	6	2
0	97	37.24208725	127.0796251	11	10	1	2	1	6	2
0	97	37.24208725	127.0796251	11	10	1	2	1	6	2
0	86	37.24025946	127.0825352	15	11	1	2	1	6	1
0	86	37.24025092	127.0825449	15	11	1	2	1	6	1
0	86	37.24024017	127.0825613	15	11	1	2	1	6	1
0	100	37.2412065	127.0802122	18	13	1	2	1	6	1
0	100	37.2412065	127.0802122	18	13	1	2	2	6	1
1.8483583	100	37.24157524	127.080019	18	13	1	2	2	6	1
1.7728891	100	37.24153387	127.0799957	18	13	1	2	2	6	1
1.6257622	100	37.24156958	127.0799496	18	13	1	2	2	6	1
1.6257622	100	37.24156958	127.0799496	18	13	1	2	2	6	1
1.6257622	100	37.24156958	127.0799496	18	13	1	2	2	6	1
1.6257622	100	37.24156958	127.0799496	18	13	1	2	2	6	1
1.6257622	100	37.24156958	127.0799496	18	13	1	2	2	6	1
1.6257622	100	37.24156958	127.0799496	18	13	1	2	2	6	1
1.6257622	100	37.24156958	127.0799496	18	13	1	2	2	6	1
1.6257622	100	37.24156958	127.0799496	18	13	1	2	2	6	1
1.6257622	100	37.24156958	127.0799496	18	13	1	2	2	6	1
1.8786825	100	37.24233396	127.07974	19	13	1	2	2	6	1
0	100	37.24229614	127.07969	19	13	1	2	2	6	1
0	100	37.24229614	127.07969	19	13	1	2	2	6	1
0	100	37.24229614	127.07969	19	13	1	2	2	6	1
0	100	37.24229614	127.07969	19	13	1	2	2	6	1
0	100	37.24229614	127.07969	19	13	1	2	2	6	1
0	100	37.24229614	127.07969	19	13	1	2	2	6	1
0	100	37.24229614	127.07969	19	13	1	2	2	6	1
0	100	37.24229614	127.07969	19	13	1	2	2	6	1
0	100	37.24229614	127.07969	19	13	1	2	2	6	1
0	100	37.24229614	127.07969	19	13	1	2	2	6	1
0	100	37.24229614	127.07969	19	13	1	2	2	6	1
0	100	37.24229614	127.07969	19	13	1	2	2	6	1
0	100	37.24229614	127.07969	19	13	1	2	2	6	1
0	100	37.24175004	127.0801165	19	13	1	2	1	6	1
0	100	37.24175004	127.0801165	19	13	1	2	1	6	1
0	100	37.24175004	127.0801165	19	13	1	2	1	6	1
0	100	37.24175004	127.0801165	19	13	1	2	2	6	1
0	100	37.24175004	127.0801165	19	13	1	2	2	6	1
0	100	37.24175004	127.0801165	19	13	1	2	2	6	1
0	100	37.24175004	127.0801165	19	13	1	2	2	6	1
0	100	37.24175004	127.0801165	19	13	1	2	2	6	1
0	100	37.24175004	127.0801165	19	13	1	2	2	6	1
0	100	37.24175004	127.0801165	19	13	1	2	2	6	1
0	100	37.24175004	127.0801165	19	13	1	2	2	6	1
0	100	37.24175004	127.0801165	19	13	1	2	2	6	1
0	100	37.24175004	127.0801165	19	13	1	2	2	6	1
0	100	37.24175004	127.0801165	19	13	1	2	1	6	1
0	100	37.24229614	127.07969	19	14	1	2	1	6	1
0	99	37.24726494	127.0784629	20	14	1	2	1	6	1
0	100	37.2418819	127.0797324	4	27	1	2	2	6	2
0	100	37.2418819	127.0797324	4	27	1	2	2	6	2
0	100	37.2418819	127.0797324	4	27	1	2	2	6	2
0	100	37.2418819	127.0797324	4	27	1	2	2	6	2
0	100	37.2418819	127.0797324	4	27	1	2	2	6	2
0	100	37.2418819	127.0797324	4	27	1	2	2	6	2
0	100	37.2418819	127.0797324	4	27	1	2	2	6	2
0	100	37.2418819	127.0797324	4	27	1	2	2	6	2
0	100	37.2418819	127.0797324	4	27	1	2	2	6	2
0	100	37.2418819	127.0797324	4	27	1	2	1	6	2
1.3969762	100	37.24215576	127.079339	22	5	1	1	2	7	1
1.3969762	100	37.24215576	127.079339	22	5	1	1	2	7	1
1.1536776	100	37.243809	127.0770027	22	5	1	1	2	7	1
1.1536776	100	37.243809	127.0770027	22	5	1	1	2	7	1
0	100	37.24378936	127.0769585	22	5	1	1	2	7	1
0	99	37.24375931	127.0768003	23	5	1	1	2	7	1
0	99	37.24375931	127.0768003	23	5	1	1	2	7	1
0	99	37.24375931	127.0768003	23	17	1	1	1	7	1
0.9199254	98	37.24167383	127.0797432	23	17	1	1	2	7	1
0.98549587	98	37.24167458	127.0798416	23	17	1	1	2	7	1
0	98	37.24167731	127.0798598	23	17	1	1	2	7	1
0	97	37.24239367	127.0798066	23	17	1	1	2	7	1
0	97	37.24239367	127.0798066	23	17	1	1	2	7	1
0	97	37.24239367	127.0798066	23	18	1	1	2	7	1
0	97	37.24239367	127.0798066	23	18	1	1	1	7	1
0	54	37.2418819	127.0797324	19	1	1	2	1	7	1
0	100	37.2418819	127.0797324	22	3	1	2	1	7	1
0	100	37.2418819	127.0797324	22	3	1	2	1	7	1
0	100	37.2418819	127.0797324	22	3	1	2	1	7	1
0	100	37.2418819	127.0797324	22	3	1	2	2	7	1
0	100	37.2418819	127.0797324	22	3	1	2	2	7	1
0	100	37.24235206	127.0798927	22	3	1	2	2	7	1
1.2037113	100	37.24238414	127.0798207	22	3	1	2	2	7	1
1.3969762	100	37.24215576	127.079339	22	3	1	2	2	7	1
1.3969762	100	37.24215576	127.079339	22	3	1	2	1	7	1
0	79	37.2418819	127.0797324	21	4	1	2	1	7	1
0	52	37.2418819	127.0797324	19	5	1	2	2	7	1
0	52	37.2418819	127.0797324	19	5	1	2	2	7	1
0	52	37.2418819	127.0797324	19	5	1	2	2	7	1
0	52	37.2418819	127.0797324	19	5	1	2	2	7	1
0	79	37.2418819	127.0797324	21	5	1	2	2	7	1
0	79	37.2418819	127.0797324	21	5	1	2	2	7	1
0	79	37.2418819	127.0797324	21	5	1	2	2	7	1
0	79	37.2418819	127.0797324	21	5	1	2	1	7	1
0	79	37.2418819	127.0797324	21	5	1	2	1	7	1
0	79	37.2418819	127.0797324	21	5	1	2	1	7	1
0	82	37.2418819	127.0797324	21	5	1	2	1	7	1
3.5661469	93	37.24188858	127.0791247	22	5	1	2	2	7	1
3.1433232	93	37.24187242	127.0790168	22	5	1	2	2	7	1
0	99	37.24224547	127.0801706	22	5	1	2	2	7	1
0	99	37.24224547	127.0801706	22	5	1	2	2	7	1
1.3969762	100	37.24215576	127.079339	22	5	1	2	2	7	1
1.3969762	100	37.24215576	127.079339	22	5	1	2	2	7	1
1.3969762	100	37.24215576	127.079339	22	5	1	2	2	7	1
1.3969762	100	37.24215576	127.079339	22	5	1	2	2	7	1
0	96	37.24239367	127.0798066	23	5	1	2	1	7	1
0	96	37.2418819	127.0797324	23	5	1	2	1	7	1
0	96	37.2418819	127.0797324	23	5	1	2	1	7	1
0	54	37.2418819	127.0797324	19	7	1	2	1	7	1
0	54	37.2418819	127.0797324	19	7	1	2	2	7	1
0	96	37.2418819	127.0797324	23	8	1	2	1	7	1
0	96	37.2418819	127.0797324	23	8	1	2	1	7	1
0	96	37.2418819	127.0797324	23	8	1	2	1	7	1
0	79	37.2418819	127.0797324	21	13	1	2	1	7	1
0	79	37.2418819	127.0797324	21	13	1	2	1	7	1
0	79	37.2418819	127.0797324	21	13	1	2	1	7	1
0	79	37.2418819	127.0797324	21	13	1	2	1	7	1
0	79	37.2418819	127.0797324	21	13	1	2	1	7	1
0	79	37.2418819	127.0797324	21	13	1	2	1	7	1
0	79	37.2418819	127.0797324	21	13	1	2	1	7	1
0	79	37.2418819	127.0797324	21	13	1	2	1	7	1
0	79	37.2418819	127.0797324	21	13	1	2	1	7	1
0	79	37.2418819	127.0797324	21	13	1	2	1	7	1
0	79	37.2418819	127.0797324	21	13	1	2	1	7	1
0	79	37.2418819	127.0797324	21	13	1	2	1	7	1
0	79	37.2418819	127.0797324	21	13	1	2	1	7	1
0	79	37.2418819	127.0797324	21	13	1	2	2	7	1
0	79	37.2418819	127.0797324	21	13	1	2	2	7	1
0	79	37.2418819	127.0797324	21	13	1	2	2	7	1
0	79	37.2418819	127.0797324	21	13	1	2	2	7	1
0	79	37.2418819	127.0797324	21	13	1	2	2	7	1
0	79	37.2418819	127.0797324	21	13	1	2	2	7	1
0	79	37.2418819	127.0797324	21	13	1	2	2	7	1
0	99	37.24375931	127.0768003	23	17	1	2	2	7	1
0	99	37.24375931	127.0768003	23	17	1	2	2	7	1
0	99	37.24375931	127.0768003	23	17	1	2	2	7	1
0	96	37.24239367	127.0798066	23	18	1	2	2	7	1
0	96	37.24239367	127.0798066	23	18	1	2	2	7	1
1.3969762	100	37.24215576	127.079339	22	21	1	2	1	7	1
